Time (hours),Q_3,Q_31,Q_4,Q_5,Q_6,Q_7,Q_37,Q_36,Q_10,Q_11,Q_15,Q_38,Q_18,Q_39,Q_17,Q_33,Q_40,Q_34,Q_19,Q_16,Q_41,Q_13,Q_22,Q_23,Q_25,Q_27,Q_28,Q_26,Q_24,Q_21,Q_29,Q_35,Q_30,Q_20,Q_14,Q_12,Q_9,Q_8,Q_1,Q_32,Q_2
0,0,0,0,0,0,0,0,0,0,0,0,0,0,0,0,0,0,0,0,0,0,0,0,0,0,0,0,0,0,0,0,0,0,0,0,0,0,0,0,0,0
0.08,0,0,0,0,0,0,0,0,0,0,0,0,0,0,0,0,0,0,0,0,0,0,0,0,0,0,0,0,0,0,0,0,0,0,0,0,0,0,0,0,0
0.17,0.0012,0.0005,0.0005,0.0001,0.0014,0,0,0.0001,0.0002,0.001,0,0.0003,0.0008,0.0051,0.003,0.0008,0.0034,0.0025,0,0,0.0005,0.0007,0.0041,0.001,0.0033,0.0018,0.0025,0.0019,0,0,0.0002,0.0002,0,0.0005,0.0008,0,0,0,0,0.0004,0.0002
0.25,0.0109,0.0057,0.0059,0.0014,0.0132,0,0.0004,0.0011,0.0025,0.0106,0.0004,0.0031,0.0069,0.0278,0.018,0.0084,0.0211,0.0201,0,0,0.0055,0.0075,0.0245,0.0098,0.019,0.0158,0.0195,0.0099,0.0019,0.0009,0.0027,0.0027,0.0005,0.0051,0.0089,0,0,0.0001,0,0.0035,0.0026
0.33,0.0359,0.023,0.0259,0.0054,0.0424,0,0.0018,0.0047,0.0112,0.0369,0.002,0.0137,0.0219,0.0715,0.0478,0.0307,0.058,0.0611,0,0.0045,0.0189,0.0266,0.0659,0.0332,0.0499,0.0495,0.0584,0.0279,0.0096,0.0072,0.0106,0.0125,0.0024,0.0224,0.0316,0,0,0.0004,0,0.0116,0.0123
0.42,0.0782,0.0564,0.0681,0.0138,0.091,0.0007,0.0054,0.0125,0.0334,0.0826,0.0061,0.0357,0.047,0.1337,0.0913,0.0706,0.1137,0.1263,0,0.0189,0.0423,0.0603,0.1271,0.0734,0.0952,0.1055,0.1207,0.0594,0.025,0.0215,0.0255,0.0377,0.0078,0.058,0.0718,0,0,0.0013,0,0.0252,0.0372
0.5,0.1375,0.1072,0.1351,0.0287,0.1579,0.0072,0.0122,0.0249,0.0759,0.1471,0.0145,0.071,0.0822,0.2093,0.1459,0.1286,0.185,0.2128,0.0058,0.0456,0.0766,0.1087,0.2043,0.1302,0.1518,0.1828,0.2046,0.1069,0.0492,0.0454,0.0481,0.0844,0.02,0.1138,0.1296,0.0012,0,0.0032,0,0.0445,0.0821
0.58,0.2114,0.1751,0.2272,0.0521,0.2401,0.0202,0.0224,0.0418,0.1403,0.2282,0.0297,0.1199,0.1267,0.2927,0.2088,0.2031,0.2676,0.3158,0.0348,0.0846,0.1219,0.1738,0.2924,0.2015,0.2157,0.2788,0.3061,0.1721,0.0829,0.0796,0.0786,0.1551,0.0434,0.1889,0.2038,0.0076,0,0.0067,0,0.0689,0.1471
0.67,0.2936,0.2562,0.3402,0.0853,0.33,0.041,0.0357,0.0624,0.2239,0.3194,0.054,0.1808,0.1772,0.3705,0.2728,0.2884,0.3495,0.4239,0.084,0.1365,0.1755,0.4669,0.3789,0.2815,0.277,0.3842,0.4143,0.2528,0.1253,0.1236,0.1155,0.249,0.0824,0.2794,0.2895,0,0,0.0123,0,0.0964,0.2286
0.75,0.3761,0.3442,0.4662,0.1286,0.419,0.0701,0.0513,0.0852,0.3216,0.4122,0.089,0.2496,0.2612,0.4389,0.3351,0.3761,0.4241,0.527,0.1533,0.1963,0.2588,0.8002,0.458,0.3629,0.3316,0.489,0.5194,0.3479,0.1734,0.1748,0.1559,0.3623,0.1381,0.5083,0.3673,0,0,0.0204,0,0.1241,0.3211
0.83,0.4574,0.4351,0.5983,0.1824,0.5057,0.1071,0.0684,0.1088,0.4277,0.5042,0.1345,0.3228,0.4261,0.4992,0.3961,0.4624,0.4917,0.6244,0.2395,0.2597,0.4141,1.1511,0.5304,0.4436,0.3802,0.5914,0.6205,0.4557,0.2263,0.2311,0.1982,0.49,0.2101,0.8314,0.4693,0.0001,0.0052,0.0304,0,0.1514,0.4191
0.92,0.5367,0.5277,0.7338,0.2466,0.5898,0.1509,0.0861,0.1326,0.5368,0.5951,0.1893,0.3993,0.6012,0.5527,0.4563,0.5466,0.5526,0.7164,0.339,0.3341,0.5982,1.5171,0.5966,0.5233,0.4233,0.6908,0.7171,0.5739,0.2839,0.2919,0.2419,0.6273,0.297,1.2328,0.7119,0.0003,0.0234,0.0415,0,0.1782,0.5181
1,0.6139,0.6213,0.8714,0.3209,0.671,0.2013,0.1039,0.1564,0.6457,0.6868,0.2518,0.4782,0.7805,0.6003,0.5327,0.6279,0.6072,0.8031,0.4482,0.4353,0.802,1.8937,0.6573,0.6014,0.4614,0.7863,0.9575,0.694,0.3465,0.3568,0.2865,0.7718,0.3968,1.7693,1.0231,0.0065,0.0463,0.0544,0.0026,0.2041,0.6165
1.08,0.6882,0.715,1.0096,0.4049,0.749,0.2581,0.1217,0.1799,0.7789,0.8701,0.3205,0.5586,0.9592,0.6422,0.6604,0.7056,0.6555,0.8845,0.6909,0.692,1.0578,2.2755,0.7125,0.6776,0.4946,0.8773,1.1936,0.964,0.3994,0.4267,0.3316,0.9221,0.507,2.3547,1.4256,0.0181,0.0616,0.0702,0.0118,0.229,0.714
1.17,0.7544,0.8048,1.1434,0.4973,0.8175,0.33,0.1388,0.2021,0.9965,1.0491,0.4692,0.6374,1.1217,0.6678,0.7734,0.774,0.6877,0.9521,1.0678,1.0444,1.351,2.6418,0.752,0.7469,0.5148,0.9553,1.3556,1.3371,0.451,0.5231,0.3748,1.0741,0.6249,2.9208,1.9092,0.0391,0.0744,0.0877,0.023,0.2504,0.8084
1.25,0.8059,0.8843,1.2645,0.5961,0.8702,0.6549,0.1544,0.2216,1.2012,1.199,0.7354,0.71,1.2528,0.6775,0.8631,0.8252,0.7016,0.9993,1.4566,1.541,1.6577,2.9867,0.7743,0.803,0.5217,1.0126,1.431,1.6976,0.5105,0.6937,0.4128,1.2217,0.748,3.4197,2.4389,0.073,0.097,0.1051,0.0119,0.2656,1.0837
1.33,0.8452,0.9517,1.3679,0.7001,0.9101,0.9732,0.1675,0.2373,1.3753,1.3168,0.9486,0.7731,1.3576,0.6769,0.9335,0.8598,0.7029,1.031,1.8355,2.162,2.0246,3.3317,0.7848,0.8477,0.5198,1.053,1.448,2.0031,0.5803,0.8686,0.4447,1.3596,0.874,3.8242,3.003,0.1179,0.1304,0.1221,0.0081,0.2756,1.3898
1.42,0.8749,1.0089,1.4985,0.9211,0.94,1.2715,0.1778,0.2497,1.5063,1.4067,1.108,0.8276,1.4414,0.6697,0.9877,0.8814,0.6957,1.0514,2.187,2.7848,2.4636,3.6899,0.787,0.8834,0.512,1.0803,1.4292,2.2351,0.6606,1.0455,0.4713,1.4839,1.0005,4.146,3.5856,0.2773,0.1632,0.1397,0.0122,0.2815,1.6304
1.5,0.897,1.069,1.6464,1.1808,0.9623,1.5697,0.1854,0.2593,1.5929,1.4731,1.2194,0.8746,1.5086,0.6582,1.0286,0.893,0.6829,1.0635,2.4995,3.3897,2.9578,4.0713,0.7834,0.912,0.5006,1.0974,1.39,2.3937,0.7491,1.2232,0.4934,1.5948,1.1251,4.402,4.1713,0.5852,0.1922,0.1577,0.0213,0.2843,1.8105
1.58,0.9132,1.1526,1.7688,1.4605,0.9787,1.8707,0.1907,0.2666,1.6435,1.5207,1.2902,0.9152,1.5631,0.6444,1.0591,0.897,0.6668,1.0695,2.7707,3.9617,3.4862,4.48,0.7761,0.9351,0.4873,1.1068,1.3412,2.4901,0.8428,1.4011,0.5116,1.6942,1.2454,4.607,4.7474,0.9902,0.2222,0.1754,0.0593,0.2849,1.942
1.67,0.9284,1.2287,1.8745,1.7602,0.9947,2.1783,0.1948,0.2727,1.6715,1.5632,1.3302,0.9519,1.6168,0.6369,1.094,0.899,0.6559,1.0768,3.0054,4.4956,4.0402,4.9336,0.7735,0.9568,0.4789,1.1158,1.3102,2.5506,0.9384,1.5832,0.528,1.7853,1.4086,4.7853,5.323,1.5001,0.2994,0.1876,0.1482,0.2856,2.0418
1.75,0.9482,1.3077,1.9783,2.0791,1.016,2.4993,0.1986,0.2788,1.6913,1.6181,1.3514,0.9886,1.6817,0.6378,1.1393,0.9061,0.6539,1.0919,3.2138,5.0009,4.6196,5.4566,0.7786,0.9825,0.4773,1.1316,1.3126,2.5986,1.0356,1.7792,0.5452,1.873,1.6505,4.9821,5.9254,2.1243,0.4487,0.2012,0.2637,0.2887,2.1297
1.83,0.9721,1.3945,2.091,2.4152,1.042,2.8403,0.2029,0.2858,1.714,1.6862,1.366,1.0279,1.7556,0.6446,1.1915,0.9194,0.6584,1.1135,3.4073,5.49,5.2076,6.0414,0.7894,1.0123,0.4807,1.1533,1.3375,2.6483,1.1767,1.9898,0.5642,1.9616,1.8933,5.2299,6.5633,2.8792,0.6351,0.2308,0.4068,0.294,2.2211
1.92,0.9992,1.4878,2.2126,2.7674,1.0715,3.2056,0.2083,0.2938,1.7475,1.7639,1.3819,1.0697,1.8355,0.6554,1.2478,0.9374,0.6674,1.1397,3.5952,5.9701,5.7917,6.6709,0.8042,1.0451,0.4875,1.1792,1.376,2.7058,1.387,2.2171,0.5846,2.0542,2.1377,5.5222,7.236,3.779,0.8722,0.2646,0.5817,0.3009,2.3268
2,1.0286,1.5856,2.34,3.1341,1.1036,3.5958,0.215,0.3025,1.7938,1.8479,1.4035,1.1134,1.9193,0.6688,1.3106,0.9586,0.6796,1.1691,3.7849,6.4407,6.3651,7.3304,0.8217,1.0801,0.4966,1.2082,1.4218,2.7726,1.605,2.4685,0.606,2.1511,2.3857,5.849,7.943,4.8318,1.1782,0.304,0.7923,0.3088,2.4455
2.08,1.0593,1.686,2.4703,3.5129,1.137,4.0079,0.2225,0.3117,1.8489,1.9349,1.4335,1.1583,2.0045,0.683,1.3783,0.9817,0.6931,1.2,3.9774,6.9034,6.9231,8.0063,0.8402,1.1164,0.5065,1.2388,1.469,2.8463,1.8296,2.7429,0.6281,2.2513,2.6393,6.2007,8.8132,6.035,1.5764,0.3515,1.0437,0.3174,2.5712
2.17,1.0846,1.777,2.588,3.8934,1.1643,4.4342,0.2298,0.3203,1.9009,2.0035,1.4687,1.2012,2.0731,0.6846,1.4111,1,0.6956,1.2219,4.1668,7.347,7.4381,8.6525,0.8472,1.1481,0.5069,1.261,1.4786,2.9023,2.0544,3.0291,0.6483,2.3505,2.896,6.542,9.6478,7.4098,2.0894,0.411,1.4058,0.3234,2.6869
2.25,1.0971,1.84,2.6689,4.2553,1.1777,4.8588,0.2358,0.3264,1.9342,2.0274,1.5013,1.2366,2.1089,0.6727,1.4062,1.0036,0.6832,1.2263,4.3387,7.7399,7.8756,9.2101,0.8397,1.1678,0.4964,1.2653,1.4321,2.9223,2.2654,3.3041,0.6626,2.4422,3.1468,6.821,10.3432,8.9246,2.7423,0.4877,1.8008,0.3236,2.7695
2.33,1.099,1.8698,2.6996,4.5846,1.1798,5.2635,0.2393,0.3291,1.9384,2.0131,1.5229,1.2616,2.1203,0.6525,1.3784,0.9932,0.6612,1.2178,4.479,8.0571,8.2404,9.6805,0.8228,1.1772,0.4791,1.2558,1.3547,2.9015,2.4568,3.5579,0.6705,2.5513,3.3802,7.0122,10.9047,10.6906,3.5381,0.5912,2.2266,0.3191,2.8036
2.42,1.0928,1.8734,2.6887,4.8702,1.1736,5.6331,0.2399,0.3288,1.9083,1.973,1.5289,1.2771,2.1146,0.6274,1.3369,0.9726,0.6334,1.2002,4.5779,8.2912,8.5359,10.0769,0.7996,1.1787,0.4579,1.2361,1.2635,2.8451,2.6252,3.7918,0.6729,2.673,3.5945,7.1341,11.3577,12.5621,4.5141,0.7301,2.6801,0.3114,2.7831
2.5,1.0806,1.8574,2.6478,5.1053,1.1613,5.9588,0.2377,0.3261,1.8486,1.9164,1.517,1.2848,2.0969,0.5995,1.2883,0.9449,0.6024,1.1764,4.6309,8.45,8.763,10.406,0.7726,1.1741,0.4344,1.2091,1.169,2.7621,2.7684,4.0069,0.6711,2.7599,3.7853,7.2077,11.7228,14.2977,5.7132,0.9508,3.1531,0.3015,2.7206
2.58,1.0643,1.8278,2.5868,5.288,1.1448,6.2374,0.2335,0.3217,1.7719,1.8508,1.4874,1.2864,2.072,0.5713,1.2463,0.9129,0.5706,1.1488,4.6431,8.5426,8.9265,10.6724,0.7441,1.1652,0.4109,1.1775,1.079,2.6632,2.8854,4.2042,0.6659,2.8173,3.9442,7.249,12.0201,15.8779,7.3127,1.2645,3.6444,0.2903,2.6323
2.67,1.0553,1.8066,2.5353,5.4364,1.1371,6.4759,0.2292,0.3177,1.7004,1.8109,1.4504,1.288,2.0706,0.5657,1.2433,0.8891,0.5597,1.1354,4.6306,8.5982,9.0795,10.9421,0.7356,1.1622,0.4051,1.1593,1.0539,2.592,2.9874,4.4054,0.6622,2.8628,4.0748,7.3168,12.3526,17.3072,8.9624,1.6886,4.1532,0.2837,2.5492
2.75,1.0698,1.829,2.5378,5.5898,1.1553,6.6989,0.2274,0.3174,1.6604,1.8481,1.4227,1.3003,2.1293,0.5912,1.303,0.8932,0.5815,1.1565,4.6217,8.6757,9.298,11.3284,0.7586,1.1805,0.4241,1.1751,1.1404,2.5858,3.1023,4.6583,0.668,2.924,4.1946,7.5067,12.8952,18.6434,10.6388,2.2353,4.6839,0.2886,2.5129
2.83,1.1078,1.9126,2.6282,5.7745,1.1988,6.938,0.2301,0.3236,1.672,1.9662,1.4185,1.3314,2.2417,0.6405,1.4322,0.9281,0.6292,1.2089,4.6475,8.8378,9.5883,11.8459,0.807,1.2211,0.4621,1.2225,1.313,2.6642,3.2421,4.9904,0.686,3.0268,4.3225,7.8901,13.6975,19.9916,12.3417,2.9125,5.245,0.3038,2.5595
2.92,1.1653,2.0517,2.8038,6.0118,1.263,7.2227,0.2389,0.3362,1.7543,2.1525,1.4466,1.3809,2.3966,0.7057,1.5978,0.9879,0.6954,1.2856,4.7351,9.1242,9.9565,12.4702,0.8737,1.2806,0.5134,1.2955,1.5441,2.8323,3.413,5.4009,0.7149,3.1947,4.4793,8.4481,14.7423,21.4291,14.0929,3.725,5.8497,0.3271,2.7194
3,1.238,2.2388,3.0524,6.3181,1.3812,7.571,0.254,0.3543,1.9135,2.3935,1.5123,1.4465,2.5826,0.7798,1.7832,1.0668,0.7733,1.3795,4.9062,9.5339,10.4114,13.1816,0.9521,1.3549,0.5726,1.3882,1.8071,3.0848,3.6208,5.8857,0.753,3.4314,4.6877,9.1425,16.0009,23.0039,15.9286,4.677,6.5171,0.3564,2.9839
3.08,1.3228,2.4677,3.3635,6.7062,1.5685,8.0098,0.2738,0.3768,2.1366,2.6788,1.6205,1.5262,2.7927,0.8608,1.9831,1.1604,0.8597,1.4861,5.1611,10.0613,10.961,13.9745,1.0394,1.4411,0.6376,1.4963,2.0863,3.4143,3.8713,6.441,0.7991,3.7323,4.9705,9.9444,17.4493,24.7479,17.8877,5.7753,7.2681,0.3902,3.3265
3.17,1.5192,2.7932,3.8003,7.237,1.8595,8.5791,0.3003,0.4074,2.4509,3.1152,1.7956,1.6314,3.1136,1.0159,2.3777,1.2944,1.0137,1.6536,5.5103,10.7603,11.7521,15.0534,1.1973,1.564,0.8614,1.6641,2.5806,3.949,4.2019,7.1458,0.8626,4.1307,5.3628,10.9888,19.3648,26.7216,20.0061,7.0368,8.1303,0.4408,3.7861
3.25,1.9581,3.3427,4.5115,8.0752,2.3773,9.391,0.3378,0.4538,2.9277,4.0502,2.0679,1.787,3.6498,1.2492,2.999,1.5171,1.2568,1.9287,6.0124,11.807,13.0077,16.7665,1.442,1.763,1.2657,1.9422,3.4398,4.8216,4.7383,8.1886,0.9627,4.7043,5.9125,12.562,22.2815,29.1504,22.3626,8.4832,9.1392,0.5255,4.4621
3.33,2.5894,4.1934,5.6436,9.3748,3.1131,10.6144,0.3903,0.5223,3.644,5.3247,2.4471,2.0115,4.3514,1.5208,3.731,1.8281,1.5527,2.2787,6.7426,13.3688,14.7274,19.0983,1.9348,2.0279,1.7532,2.5587,4.5039,6.1227,5.5588,9.6647,1.1048,5.5483,6.6844,14.8611,26.2642,32.404,25.1477,10.136,10.3453,0.6388,5.4472
3.42,3.373,5.3145,7.1823,11.4368,4.0094,12.4209,0.4612,0.6099,4.6747,6.7792,2.9392,2.2979,5.1538,1.8026,4.4874,2.2001,1.8705,2.6691,7.7619,15.4998,16.8968,21.9141,2.6214,2.3374,2.2311,3.4753,5.6034,7.9548,6.9634,11.947,1.2812,6.7645,7.7678,17.7493,31.1857,36.7225,28.5874,12.0366,11.8217,0.7718,6.8017
3.5,4.2464,6.636,9.0226,14.5854,4.9886,15.0657,0.5496,0.7113,6.2109,8.2692,3.5466,2.633,6.0023,2.078,5.2159,2.6077,2.1881,3.0751,9.105,18.1194,19.4976,25.1223,3.3199,2.6734,2.6327,4.4846,6.6155,10.1479,8.7704,14.7511,1.4836,8.3703,9.2791,21.038,37.0021,42.2294,32.9211,14.2514,13.6568,0.9235,8.4225
3.58,5.1371,8.0622,11.0153,18.3377,5.968,18.6167,0.6504,0.8212,7.7626,9.6819,4.267,3.0032,6.8541,2.3359,5.8827,3.36,2.4897,3.4794,10.7139,21.1298,22.479,28.6658,3.9615,3.2923,2.9278,5.4909,7.4688,12.5623,10.9141,17.916,1.7037,10.3153,11.6806,24.587,43.5405,48.9903,38.3822,16.8758,15.9834,1.2169,10.148
3.67,5.8988,9.4142,12.9068,22.4749,6.7767,22.9325,0.7563,0.9318,9.1157,10.8166,5.0748,3.3867,7.6052,2.5287,6.3334,4.1299,2.7256,4.1809,12.5387,24.3636,25.6516,32.3487,4.3771,4.01,2.999,6.3066,7.96,14.5885,13.3037,21.3285,1.9263,12.4655,14.6092,28.2601,50.3909,56.9525,45.0239,20.0293,18.9523,1.4459,11.811
3.75,6.4071,10.6295,14.4106,26.5914,7.2869,27.681,0.8596,1.1609,10.119,11.5064,5.9036,3.9262,8.1801,2.6632,6.5965,4.6858,2.8882,4.7575,14.4996,27.5881,28.792,35.9345,4.5696,4.6412,2.9288,6.8084,8.0666,15.7461,15.6387,24.7312,2.1329,14.6156,17.7967,31.797,57.0824,65.852,52.759,23.8158,22.6982,1.5902,13.2237
3.83,6.7159,11.4449,15.3971,30.3639,7.5785,32.4633,0.9542,1.4665,10.7307,11.8682,6.6605,4.6285,8.6924,2.7626,6.7652,5.0325,3.0023,5.2087,16.4352,30.6445,31.8658,39.4583,4.6386,5.1802,2.8241,7.0819,7.9883,16.2858,17.7182,27.9965,2.3181,16.5715,21.0244,35.0783,63.5761,75.3317,61.3864,28.3074,27.3505,1.6736,14.2854
3.92,6.8917,11.9327,15.9774,33.5325,7.732,36.9312,1.0358,1.6708,10.9801,12.0337,7.292,5.2733,9.1967,2.84,6.8844,5.2312,3.0836,5.5636,18.2245,33.4874,34.8334,42.9567,4.6443,5.6399,2.7257,7.2105,7.8398,16.4538,19.4641,31.0946,2.4845,18.1961,24.0757,38.1994,69.9224,85.1691,70.6729,33.5416,32.9592,1.719,14.9764
4,6.9827,12.2057,16.2863,36.0185,7.8019,40.848,1.1041,1.8018,10.9754,12.0857,7.7782,5.8536,9.699,2.9027,6.9763,5.3337,3.1424,5.845,19.7972,36.1326,37.6622,46.4048,4.6212,6.0321,2.6455,7.2531,7.678,16.4237,20.8675,33.9857,2.7683,19.4853,26.7773,41.2152,76.1282,95.2192,80.4059,39.5177,39.4744,1.7416,15.391
4.08,7.019,12.3394,16.4198,37.8621,7.8196,44.1059,1.161,1.8821,10.8519,12.0709,8.1191,6.3669,10.1941,2.9531,7.046,5.3754,3.1842,6.067,21.1511,38.5781,40.3285,49.7505,4.582,6.3656,2.5785,7.2443,7.5224,16.2909,21.9579,36.6308,3.0291,20.4855,29.0322,44.1332,82.1602,105.3551,90.4259,46.2003,46.7963,1.7501,15.6288
4.17,6.9436,12.2952,16.3487,39.068,7.7113,46.6447,1.2063,1.9164,10.6319,11.9029,8.3038,6.7898,10.605,2.957,6.9753,5.3306,3.1777,6.1661,22.2886,40.7592,42.6996,52.7886,4.4254,6.5992,2.4251,7.1072,7.2274,15.9151,22.7183,38.8962,3.2359,21.1874,30.7944,46.7664,87.6986,115.3973,100.6188,53.5232,54.8008,1.7299,15.6984
4.25,6.7128,11.9967,15.9968,39.5577,7.4308,48.3666,1.2381,1.9006,10.2932,11.4911,8.3395,7.0868,10.8719,2.9211,6.7927,5.1622,3.1223,6.1135,23.1673,42.5413,44.6335,55.2857,4.1803,6.6882,2.2285,6.8088,6.7711,15.2519,23.0701,40.5803,3.3671,21.5502,32.0597,48.869,92.3056,125.0001,110.8127,61.4114,63.3446,1.6703,15.566
4.33,6.4096,11.5039,15.384,39.3727,7.0777,49.2299,1.2554,1.8412,9.8406,10.9519,8.268,7.2484,11.0362,2.8655,6.5755,4.923,3.0411,5.9795,23.7522,43.8537,46.165,57.2942,3.9232,6.6753,2.0475,6.4515,6.2925,14.4255,23.0564,41.6744,3.4286,21.5685,32.8374,50.35,95.9562,133.7893,120.7745,69.7803,72.2671,1.5931,15.2277
4.42,6.0929,10.9426,14.6604,38.6471,6.7168,49.2976,1.2583,1.7602,9.2927,10.3876,8.1188,7.3063,11.1236,2.8011,6.3577,4.669,2.9481,5.8102,24.0453,44.7142,47.3131,58.8984,3.686,6.6021,1.8976,6.0956,5.8554,13.5738,22.7608,42.2835,3.4407,21.2745,33.1484,51.3295,98.735,141.5777,130.2723,78.5173,81.4071,1.5135,14.7094
4.5,5.7919,10.3851,13.932,37.5576,6.3786,48.7195,1.2492,1.6745,8.7089,9.8497,7.9113,7.2922,11.1511,2.7341,6.1539,4.4274,2.8518,5.6315,24.0754,45.1981,48.0997,60.14,3.4795,6.4956,1.7788,5.7679,5.4811,12.7793,22.2693,42.4998,3.4194,20.7786,33.0359,51.9057,100.7242,148.291,139.1148,87.4847,90.6286,1.4386,14.1018
4.58,5.5182,9.8658,13.2494,36.2657,6.0743,47.6798,1.2321,1.5924,8.1635,9.36,7.6587,7.2296,11.1307,2.6672,5.9668,4.2088,2.7567,5.4562,23.9071,45.3681,48.5594,61.0414,3.3032,6.3723,1.6851,5.4773,5.1694,12.0742,21.6574,42.4037,3.3766,20.1816,32.5728,52.1374,102.0033,153.9082,147.1732,96.5299,99.825,1.371,13.4828
4.67,5.2489,9.427,12.6,34.8664,5.7744,46.3286,1.209,1.5131,7.6664,8.8839,7.3619,7.126,11.0451,2.5878,5.7505,3.999,2.6517,5.2638,23.5972,45.2595,48.6869,61.5609,3.1178,6.2243,1.5792,5.191,4.8586,11.4813,20.9624,42.0239,3.3143,19.5253,31.8424,52.0167,102.5464,158.4192,154.3798,105.4955,108.9108,1.3038,12.8721
4.75,4.963,8.9874,11.9468,33.3971,5.4554,44.7569,1.1808,1.4318,7.2004,8.3792,7.0315,6.979,10.8816,2.4977,5.5096,3.7785,2.536,5.0429,23.1696,44.8756,48.4752,61.6432,2.9242,6.0388,1.4675,4.8887,4.5268,10.8571,20.1993,41.3513,3.2296,18.8178,30.9335,51.5131,102.2877,161.7735,160.6659,114.2402,117.8108,1.231,12.2606
4.83,4.6813,8.5294,11.2822,31.884,5.1428,43.0307,1.1479,1.3478,6.7546,7.8771,6.6966,6.7932,10.6658,2.4045,5.2705,3.5585,2.4182,4.8161,22.6387,44.2367,47.9863,61.3506,2.7422,5.8334,1.3659,4.596,4.2134,10.221,19.387,40.4394,3.1283,18.0669,29.908,50.6547,101.331,163.9361,165.9587,122.6402,126.455,1.1592,11.6427
4.92,4.4186,8.0844,10.6424,30.363,4.8527,41.2105,1.1112,1.2663,6.3228,7.4068,6.3709,6.5851,10.4167,2.3125,5.0448,3.3529,2.3034,4.5972,22.0231,43.3891,47.272,60.7621,2.5794,5.6235,1.2794,4.3271,3.9358,9.6151,18.5527,39.3685,3.0195,17.2846,28.806,49.5464,99.8222,164.9665,170.2064,130.5771,134.7782,1.0925,11.0203
5,4.1811,7.6692,10.0527,28.8751,4.5915,39.358,1.0719,1.1913,5.9151,6.9813,6.059,6.3683,10.1481,2.2243,4.8372,3.1674,2.1945,4.393,21.3436,42.3937,46.3796,59.938,2.4377,5.4182,1.2079,4.0872,3.6985,9.0626,17.7216,38.2007,2.9093,16.5054,27.6573,48.2757,97.8945,164.9775,173.3946,137.9415,142.7273,1.0327,10.4183
5.08,3.9703,7.2913,9.5225,27.4546,4.3608,37.5302,1.0319,1.1246,5.5511,6.6048,5.7618,6.152,9.8707,2.1412,4.6493,3.0033,2.0934,4.2067,20.6302,41.2998,45.355,58.9277,2.3165,5.2229,1.1501,3.8771,3.5004,8.5731,16.9143,36.9836,2.8016,15.7582,26.4905,46.905,95.6657,164.1019,175.5515,144.6393,150.2565,0.9802,9.8591
5.17,3.7898,6.9574,9.0589,26.1312,4.1647,35.772,0.9927,1.0671,5.2406,6.2841,5.48,5.9438,9.5975,2.0667,4.4893,2.863,2.0035,4.0436,19.912,40.1528,44.2482,57.7847,2.2201,5.0436,1.1094,3.7008,3.3474,8.157,16.1498,35.7614,2.6999,15.0626,25.3387,45.49,93.2541,162.4837,176.7477,150.5976,157.3225,0.9359,9.356
5.25,3.6419,6.6729,8.6666,24.9295,4.0052,34.1214,0.9554,1.0197,4.9867,6.0243,5.2193,5.7497,9.3387,2.0013,4.3558,2.7483,1.9257,3.906,19.2128,38.997,43.1058,56.5617,2.1463,4.8851,1.0828,3.5593,3.2384,7.8163,15.4457,34.5754,2.6072,14.4313,24.2407,44.0815,90.7698,160.2764,177.0788,155.7723,163.8855,0.9049,8.9168
5.33,3.5207,6.4347,8.3429,23.8589,3.8754,32.6048,0.9208,0.9892,4.7866,5.816,4.9885,5.573,9.0951,1.9434,4.242,2.6788,1.8583,3.7896,18.5484,37.8656,41.9559,55.2892,2.0892,4.7455,1.0653,3.4456,3.1606,7.5436,14.808,33.4471,2.524,13.8695,23.2214,42.715,88.2766,157.6271,176.654,160.147,169.9117,0.8893,8.5445
5.42,3.4209,6.2348,8.0761,22.9182,3.7692,31.2349,0.8892,0.9804,4.6508,5.6482,4.7897,5.4129,8.8672,1.892,4.1434,2.635,1.7999,3.6904,17.9344,36.7792,40.8224,53.9925,2.0446,4.6224,1.0538,3.3536,3.105,7.3273,14.2373,32.3845,2.4738,13.3771,22.2942,41.4047,85.8171,154.6576,175.586,163.7266,175.3779,0.8743,8.2369
5.5,3.3384,6.0665,7.8551,22.0993,3.6816,30.0131,0.8607,0.9717,4.553,5.5127,4.6212,5.268,8.655,1.8462,4.057,2.594,1.7493,3.6055,17.3756,35.75,39.7242,52.696,2.0094,4.5134,1.0464,3.279,3.065,7.1564,13.7313,31.3925,2.4369,12.9469,21.4639,40.1664,83.4253,151.4707,173.9878,166.5349,180.2711,0.8599,7.9835
5.58,3.2692,5.9236,7.6706,21.3901,3.6083,28.9329,0.835,0.9631,4.4755,5.4015,4.4798,5.1369,8.4573,1.8045,3.9784,2.5558,1.705,3.5315,16.8692,34.7844,38.6733,51.4187,1.9802,4.4162,1.0401,3.2171,3.0342,7.0191,13.2858,30.4719,2.4009,12.57,20.7288,39.0046,81.1246,148.1537,171.9577,168.6111,184.5837,0.8464,7.7733
5.67,3.1889,5.7795,7.4888,20.7497,3.5197,27.9708,0.8109,0.9535,4.3987,5.2707,4.354,5.0096,8.2467,1.7511,3.8613,2.5124,1.6516,3.4737,16.4013,33.8624,37.6334,50.1161,1.9245,4.3132,1.007,3.138,2.9582,6.8621,12.8756,29.583,2.3632,12.2208,20.0699,37.8717,78.8313,144.7554,169.575,170.0015,188.312,0.83,7.5787
5.75,3.0758,5.5994,7.2663,20.112,3.3922,27.0735,0.7868,0.9411,4.2994,5.0742,4.2302,4.8722,8.0009,1.6859,3.7072,2.4531,1.5854,3.4102,15.9523,32.9334,36.5575,48.7225,1.8415,4.1853,0.9519,3.021,2.8173,6.6505,12.4585,28.6568,2.3192,11.8659,19.4538,36.6942,76.4162,141.2493,166.8844,170.7547,191.4536,0.807,7.3658
5.83,2.9441,5.3823,6.9878,19.4474,3.244,26.1902,0.7616,0.9247,4.1661,4.8364,4.1,4.7184,7.736,1.6157,3.5407,2.3797,1.5132,3.3345,15.5021,31.9671,35.462,47.2713,1.7484,4.0414,0.8911,2.8849,2.6513,6.3868,12.0277,27.6862,2.2686,11.4836,18.8515,35.447,73.9042,137.5912,163.9023,170.9194,194.0054,0.7795,7.1155
5.92,2.8069,5.1495,6.6798,18.7497,3.0903,25.2925,0.7343,0.9053,3.996,4.5857,3.9603,4.5552,7.4633,1.5442,3.3745,2.298,1.4395,3.2517,15.0377,30.9639,34.3555,45.8031,1.6549,3.8914,0.8324,2.7439,2.4837,6.0928,11.5858,26.6988,2.2136,11.0651,18.2401,34.1763,71.3544,133.7966,160.6408,170.5405,195.9655,0.7495,6.8218
6,2.6719,4.9153,6.3662,18.028,2.9397,24.3757,0.7055,0.8839,3.8012,4.3388,3.8105,4.3891,7.1904,1.4741,3.215,2.2124,1.3671,3.1653,14.5539,29.9436,33.2445,44.3389,1.566,3.7415,0.7791,2.6062,2.3263,5.7899,11.1376,25.7141,2.1557,10.627,17.6057,32.9172,68.813,129.9072,157.1217,169.6588,197.3353,0.7186,6.5052
6.08,2.5432,4.6882,6.061,17.2974,2.7967,23.4489,0.6763,0.8611,3.6023,4.1045,3.6509,4.2245,6.9221,1.4065,3.0648,2.1258,1.2976,3.0777,14.0589,28.9208,32.137,42.8888,1.5157,3.5954,0.7319,2.4759,2.1839,5.4935,10.6893,24.7448,2.0962,10.188,16.9455,31.6862,66.3126,125.9663,153.3821,168.3131,198.123,0.6879,6.1872
6.17,2.4177,4.4674,5.7651,16.5659,2.6572,22.5204,0.6472,0.8374,3.4076,3.8774,3.4804,4.0621,6.6546,1.338,2.9135,2.038,1.228,2.9871,13.5619,27.9014,31.0286,41.4422,1.469,3.4513,0.6845,2.3482,2.0445,5.2023,10.2418,23.7957,2.0353,9.7551,16.2653,30.4767,63.8488,122.0069,149.4725,166.5419,198.3441,0.6569,5.8752
6.25,2.2912,4.2474,5.473,15.8324,2.5165,21.5916,0.6183,0.8126,3.218,3.6479,3.3019,3.9003,6.3838,1.2689,2.7609,1.9474,1.1578,2.892,13.0655,26.8823,29.9127,39.9813,1.418,3.3059,0.6494,2.2194,1.9027,4.9147,9.7912,22.854,1.9723,9.3283,15.5798,29.2718,61.3982,118.04,145.4359,164.3888,198.0193,0.6249,5.5689
6.33,2.1676,4.0295,5.1831,15.1025,2.3793,20.6639,0.5896,0.7866,3.0338,3.4228,3.125,3.7391,6.1157,1.2012,2.613,1.8553,1.0893,2.7948,12.5707,25.8632,28.8004,38.5177,1.3652,3.1623,0.6236,2.0941,1.7673,4.6337,9.3451,21.9209,1.9078,8.9077,14.899,28.0683,58.9731,114.068,141.305,161.9009,197.1745,0.5929,5.2677
6.42,2.05,3.8195,4.9027,14.3841,2.2492,19.7422,0.5613,0.7601,2.8549,3.2092,2.9547,3.586,5.8538,1.1361,2.4727,1.7641,1.0237,2.6976,12.0789,24.8503,27.7,37.0681,1.3121,3.0232,0.5969,2.0209,1.6431,4.3712,8.9087,21.0067,1.8426,8.4941,14.2291,26.8824,56.5933,110.1072,137.1073,159.1224,195.8407,0.5617,4.9719
6.5,1.94,3.6207,4.6376,13.6853,2.1277,18.835,0.5336,0.7333,2.6838,3.0327,2.7928,3.5065,5.6045,1.0744,2.3415,1.6755,0.9621,2.6017,11.5919,23.8536,26.6182,35.6441,1.2598,2.8903,0.5706,1.958,1.5318,4.1416,8.4868,20.1186,1.7777,8.0934,13.5739,25.7278,54.2747,106.1791,132.8686,156.0943,194.0562,0.5317,4.6872
6.58,1.8382,3.435,4.3904,13.0134,2.0157,17.9519,0.5068,0.7068,2.5243,2.8811,2.6398,3.425,5.3793,1.0164,2.2196,1.5905,0.9047,2.508,11.1142,22.8831,25.5614,34.2537,1.2091,2.7656,0.545,1.8946,1.4335,3.937,8.0846,19.2617,1.7136,7.7107,12.9368,24.6126,52.0291,102.3045,128.6209,152.8542,191.8632,0.5033,4.4188
6.67,1.7444,3.2626,4.1617,12.3731,1.9126,17.1003,0.4814,0.6806,2.3781,2.7403,2.495,3.3423,5.1743,0.9619,2.1064,1.5095,0.8514,2.4169,10.6503,21.9471,24.5356,32.9018,1.1601,2.7045,0.5204,1.8314,1.3466,3.7516,7.704,18.4398,1.6508,7.3487,12.3222,23.5406,49.863,98.5019,124.3903,149.4387,189.3045,0.4766,4.1691
6.75,1.658,3.1027,3.9508,11.7673,1.8178,16.2854,0.4574,0.6551,2.2451,2.6099,2.3589,3.2591,4.986,0.9109,2.0012,1.4329,0.8022,2.3286,10.2029,21.0498,23.5456,31.5913,1.1129,2.6433,0.497,1.7689,1.2695,3.582,7.3453,17.6628,1.5894,7.0083,11.7358,22.513,47.781,94.7856,120.1989,145.8829,186.4223,0.4516,3.9385
6.83,1.5786,2.955,3.7567,11.2483,1.7309,15.5128,0.4348,0.6303,2.1247,2.4897,2.2332,3.176,4.8123,0.8636,1.9039,1.3607,0.757,2.2434,9.7737,20.1934,22.5957,30.3268,1.068,2.5824,0.475,1.7077,1.2016,3.4262,7.0084,16.929,1.5298,6.6893,11.181,21.5312,45.789,91.1679,116.0656,142.2199,183.2583,0.4282,3.7264
6.92,1.5061,2.819,3.5787,10.8033,1.6516,14.8093,0.4137,0.6062,2.0159,2.3796,2.1185,3.0934,4.6513,0.8197,1.8144,1.2931,0.7158,2.1616,9.3637,19.3789,21.6888,29.1126,1.0253,2.5223,0.4546,1.6485,1.1423,3.2829,6.6931,16.2371,1.4721,6.3912,10.6594,20.5971,43.8904,87.66,112.0067,138.4801,179.8533,0.4067,3.532
7,1.4399,2.6941,3.416,10.3739,1.5793,14.1658,0.394,0.5831,1.9178,2.279,2.0143,3.0118,4.5016,0.7793,1.732,1.2302,0.6783,2.0833,8.9733,18.6068,20.8262,27.9519,0.9851,2.4632,0.4356,1.5914,1.0906,3.1511,6.3986,15.5857,1.4165,6.1135,10.1712,19.7119,42.0868,84.2717,108.0363,134.6906,176.2518,0.3868,3.3545
7.08,1.3799,2.5799,3.2679,9.964,1.5139,13.5705,0.3758,0.561,1.8298,2.1879,1.9199,2.9316,4.3622,0.7425,1.6574,1.1721,0.6448,2.0089,8.603,17.8768,20.009,26.8474,0.9477,2.4054,0.4186,1.537,1.0467,3.0307,6.1386,14.9729,1.3631,5.8557,9.755,18.8752,40.3794,81.0104,104.1666,130.8761,172.4931,0.3687,3.1934
7.17,1.3551,2.4844,3.1438,9.586,1.465,13.0215,0.3596,0.5405,1.7568,2.1191,1.8388,2.8553,4.2458,0.7184,1.612,1.1231,0.6233,1.9453,8.2569,17.1985,19.2601,25.8315,0.9216,2.353,0.4104,1.4921,1.0333,2.9369,5.9363,14.4202,1.3138,5.6245,9.4055,18.1226,38.8169,77.8928,100.412,127.0608,168.6135,0.3543,3.0564
7.25,1.3422,2.421,3.0595,9.2627,1.4435,12.531,0.3462,0.523,1.7064,2.0914,1.7758,2.7871,4.1658,0.7088,1.6017,1.0902,0.6173,1.8994,7.945,16.5965,18.609,24.9524,0.9099,2.3116,0.4129,1.4642,1.0658,2.8806,5.7653,13.9633,1.2716,5.4309,9.0836,17.4958,37.4844,74.9635,96.7953,123.2686,164.6484,0.3463,2.9568
7.33,1.3394,2.3928,3.0241,8.9996,1.4452,12.1129,0.3362,0.5094,1.684,2.1011,1.7327,2.7297,4.1152,0.7103,1.6161,1.0735,0.6232,1.869,7.6772,16.091,18.0517,24.2067,0.9098,2.2809,0.4234,1.4512,1.1305,2.8654,5.6274,13.6059,1.2372,5.2831,8.7997,17.0126,36.3909,72.2782,93.3476,119.5224,160.6326,0.3436,2.9049
7.42,1.345,2.393,3.0303,8.7982,1.4647,11.775,0.3301,0.4994,1.6937,2.1395,1.71,2.6826,4.0868,0.7195,1.6467,1.0696,0.6378,1.851,7.4607,15.6876,17.5848,23.5768,0.9182,2.2593,0.4394,1.4505,1.2155,2.8886,5.5213,13.3323,1.2096,5.1862,8.5621,16.6505,35.512,69.862,90.1023,115.8451,156.6003,0.3451,2.907
7.5,1.3573,2.4155,3.069,8.657,1.4974,11.5172,0.3275,0.4924,1.7342,2.1991,1.7075,2.6445,4.0747,0.7341,1.6872,1.0759,0.6583,1.8426,7.2997,15.3769,17.2054,23.0501,0.9327,2.2452,0.4591,1.4594,1.3114,2.945,5.4457,13.1286,1.188,5.1343,8.3775,16.3846,34.82,67.7194,87.0881,112.2608,152.5844,0.3497,2.9551
7.58,1.375,2.4557,3.133,8.5729,1.5401,11.3342,0.3276,0.4881,1.7981,2.2745,1.7247,2.6144,4.0748,0.7524,1.7342,1.0902,0.6831,1.8419,7.1898,15.1493,16.9088,22.6184,0.9518,2.2375,0.4812,1.4761,1.412,3.0287,5.3992,12.9838,1.1716,5.1192,8.2498,16.1977,34.2891,65.8449,84.324,108.7934,148.6152,0.3566,3.0368
7.67,1.4264,2.5203,3.2291,8.5526,1.6038,11.2262,0.3304,0.4868,1.8856,2.3798,1.7655,2.594,4.1018,0.7855,1.8161,1.116,0.7216,1.8563,7.1279,15.0079,16.7172,22.3152,0.9856,2.2398,0.514,1.5076,1.5466,3.1554,5.3885,12.913,1.1617,5.1425,8.1828,16.1084,33.9593,64.239,81.8193,105.4676,144.722,0.3678,3.1528
7.75,1.5113,2.6258,3.3759,8.619,1.7033,11.2073,0.3364,0.4897,2.0038,2.5403,1.8328,2.5871,4.1713,0.8339,1.9364,1.1608,0.7769,1.8931,7.1198,14.9763,16.6622,22.1958,1.0362,2.2585,0.5586,1.5615,1.7345,3.3373,5.4292,12.9522,1.1615,5.2134,8.1788,16.1609,33.9147,62.9363,79.5891,102.3048,140.9346,0.3859,3.3146
7.83,1.6223,2.7766,3.5859,8.7811,1.8321,11.2953,0.3459,0.4976,2.1588,2.7496,1.9233,2.5962,4.272,0.8912,2.0777,1.2233,0.8426,1.9469,7.1731,15.0729,16.7328,22.2469,1.0979,2.2915,0.61,1.6334,1.9517,3.5759,5.5231,13.1047,1.1711,5.3409,8.241,16.3765,34.1451,61.9871,77.6588,99.3224,137.2831,0.4095,3.5316
7.92,1.7521,2.9633,3.8496,9.0438,1.9812,11.5019,0.3594,0.5098,2.3557,2.9927,2.0339,2.6196,4.393,0.9526,2.2274,1.2986,0.9139,2.0121,7.2927,15.297,16.9186,22.4381,1.1657,2.3354,0.6663,1.718,2.1775,3.8622,5.6681,13.3482,1.1891,5.5314,8.3743,16.7229,34.606,61.4052,76.0572,96.5383,133.7977,0.437,3.8084
8,1.8938,3.1761,4.1523,9.4068,2.1424,11.8288,0.3762,0.5255,2.5905,3.2816,2.1627,2.655,4.5257,1.0148,2.3773,1.3822,0.9868,2.0842,7.4798,15.6293,17.2096,22.747,1.236,2.3873,0.7735,1.811,2.3963,4.1812,5.8611,13.6638,1.2138,5.7781,8.5841,17.1655,35.2546,61.1803,74.8061,93.9719,130.505,0.4667,4.1296
8.08,2.0408,3.4053,4.4793,9.8649,2.3079,12.2701,0.3954,0.5436,2.8474,3.5976,2.3079,2.7,4.6629,1.0747,2.5198,1.4703,1.0579,2.1594,7.7245,16.0508,17.5918,23.1553,1.3057,2.4444,0.8684,1.9083,2.5959,4.5132,6.1317,14.0337,1.2437,6.0689,8.8736,17.6771,36.0491,61.2909,73.9241,91.6421,127.4285,0.4975,4.4725
8.17,2.1666,3.622,4.7932,10.3887,2.4453,12.8069,0.4151,0.5621,3.0973,3.8537,2.461,2.7485,4.772,1.1128,2.603,1.5513,1.1086,2.2211,8.0056,16.5218,18.0062,23.5874,1.356,2.4971,0.917,1.9936,2.7115,4.7993,6.4671,14.4155,1.2743,6.3785,9.2318,18.1897,36.8564,61.6909,73.3973,89.5647,124.5869,0.5244,4.8001
8.25,2.2436,3.7855,5.0412,10.9202,2.5242,13.3937,0.4331,0.5781,3.3045,3.993,2.6067,2.7918,4.8265,1.1291,2.6261,1.6104,1.1338,2.2574,8.2899,16.9729,18.3832,23.9493,1.3834,2.5343,0.9218,2.0529,2.7177,4.9985,6.7756,14.7406,1.2995,6.6709,9.628,18.6126,37.5081,62.2747,73.1755,87.745,121.9922,0.5423,5.0681
8.33,2.2807,3.8845,5.1936,11.4716,2.5577,13.9809,0.4476,0.5899,3.4454,4.0389,2.7295,2.8245,4.8432,1.1317,2.616,1.6476,1.142,2.2751,8.5475,17.3529,18.7198,24.2518,1.3957,2.5581,0.9033,2.1121,2.6622,5.1069,7.0404,14.993,1.3175,6.9157,10.0724,18.9042,37.9974,62.9189,73.1831,86.1786,119.6469,0.5528,5.2488
8.42,2.2899,3.9338,5.2664,11.9685,2.5604,14.5499,0.4577,0.5977,3.5087,4.0249,2.8205,2.8474,4.8361,1.1257,2.5878,1.6681,1.1388,2.2802,8.7575,17.6448,19.0092,24.5173,1.3978,2.5721,0.8743,2.1535,2.5773,5.1479,7.2561,15.1912,1.3296,7.0927,10.5093,19.1163,38.3621,63.5583,73.3403,84.8512,117.5449,0.5578,5.3318
8.5,2.2803,3.9471,5.2821,12.3422,2.543,15.0592,0.4634,0.6026,3.5047,3.9745,2.8765,2.8625,4.8142,1.1147,2.5506,1.6763,1.1282,2.2766,8.9087,17.8584,19.2441,24.7512,1.3933,2.5787,0.8421,2.1694,2.4822,5.1341,7.4223,15.3472,1.337,7.2072,10.8603,19.2822,38.6369,64.1635,73.5782,83.7407,115.6735,0.5587,5.3395
8.58,2.2592,3.9355,5.2591,12.6012,2.5141,15.4833,0.4659,0.605,3.4595,3.9048,2.8978,2.8712,4.7844,1.1014,2.5115,1.6757,1.1137,2.2674,9.0067,18.0027,19.4247,24.9525,1.3851,2.5801,0.8119,2.1686,2.3897,5.0827,7.5414,15.4692,1.3407,7.2727,11.1138,19.4144,38.8507,64.7192,73.8476,82.8192,114.0114,0.5567,5.3002
8.67,2.2519,3.928,5.2362,12.787,2.5043,15.8236,0.467,0.6071,3.4066,3.8669,2.8945,2.8789,4.778,1.1048,2.52,1.6773,1.1135,2.2681,9.0706,18.108,19.5971,25.1769,1.3911,2.585,0.8134,2.1828,2.3602,5.0519,7.6362,15.5995,1.3445,7.3159,11.285,19.5658,39.1169,65.2375,74.1307,82.061,112.5364,0.5569,5.2521
8.75,2.2853,3.9637,5.263,12.9715,2.5434,16.1192,0.4689,0.6113,3.3792,3.9192,2.8847,2.8937,4.8232,1.1278,2.5844,1.6962,1.1343,2.292,9.1294,18.2356,19.8231,25.5087,1.417,2.6046,0.8475,2.2397,2.4242,5.088,7.7509,15.8074,1.3546,7.3723,11.4156,19.8168,39.5976,65.7904,74.4427,81.4487,111.23,0.5645,5.2382
8.83,2.3517,4.0536,5.368,13.1967,2.6205,16.4205,0.4734,0.6195,3.3977,4.0463,2.8866,2.9209,4.9063,1.1631,2.6805,1.7331,1.1692,2.3336,9.2101,18.4344,20.1007,25.9344,1.4562,2.6376,0.8992,2.3287,2.5437,5.2048,7.8992,16.1083,1.3725,7.4697,11.5439,20.2102,40.3038,66.4748,74.8252,80.9724,110.0813,0.5781,5.2874
8.92,2.44,4.1833,5.5361,13.4854,2.7223,16.7662,0.4817,0.6314,3.4749,4.2188,2.9098,2.9592,5.0137,1.2052,2.7919,1.7829,1.2128,2.3873,9.3322,18.7213,20.4312,26.4226,1.5036,2.6806,0.9584,2.4384,2.6898,5.3928,8.0847,16.4795,1.3967,7.6273,11.7024,20.7079,41.1913,67.3345,75.328,80.6294,109.0884,0.596,5.4161
9,2.5415,4.3396,5.7459,13.8441,2.8383,17.1751,0.4936,0.646,3.6058,4.4146,2.9588,3.0065,5.1358,1.2504,2.9077,1.8413,1.2607,2.4483,9.5073,19.0839,20.8167,26.9566,1.5605,2.7307,1.0179,2.5595,2.8428,5.6326,8.3085,16.9021,1.4257,7.8384,11.9171,21.2713,42.2161,68.3774,75.9941,80.4239,108.259,0.6166,5.6068
9.08,2.649,4.5114,5.9803,14.2675,2.9602,17.6496,0.508,0.6626,3.7683,4.6172,3.0351,3.0608,5.2648,1.2958,3.0209,1.9048,1.3099,2.5133,9.7297,19.5096,21.2534,27.5286,1.6639,2.8041,1.0727,2.6843,2.9894,5.902,8.5681,17.363,1.4584,8.0884,12.2026,21.8759,43.3374,69.5966,76.8498,80.3654,107.6048,0.6387,5.8325
9.17,2.7505,4.6834,6.2174,14.7358,3.0734,18.1824,0.5237,0.68,3.9401,4.8025,3.1364,3.119,5.3875,1.3344,3.1128,1.9681,1.3532,2.5756,9.9842,19.9785,21.7217,28.1169,1.7504,2.913,1.1105,2.7985,3.1046,6.1662,8.8519,17.8523,1.4926,8.36,12.5549,22.4928,44.4948,70.971,77.8948,80.4649,107.1361,0.6601,6.0674
9.25,2.8345,4.8379,6.4332,15.2166,3.1652,18.752,0.5396,0.6972,4.101,4.9476,3.2533,3.1777,5.493,1.3654,3.1816,2.0254,1.3882,2.6304,10.2535,20.4608,22.1964,28.6946,1.8167,3.0119,1.1316,2.8906,3.1775,6.3974,9.1399,18.3424,1.526,8.6342,12.9479,23.0891,45.6236,72.4586,79.1106,80.7263,106.8612,0.679,6.288
9.33,2.9023,4.9681,6.6136,15.6858,3.2384,19.3323,0.5547,0.7132,4.238,5.0565,3.3696,3.2344,5.585,1.3908,3.2352,2.0755,1.4165,2.6789,10.5225,20.9331,22.6716,29.2646,1.8673,3.1005,1.1423,2.9633,3.2215,6.5841,9.4212,18.8189,1.5577,8.8952,13.3559,23.6471,46.7115,74.0113,80.467,81.1465,106.7837,0.6953,6.479
9.42,2.9571,5.0771,6.761,16.1263,3.2967,19.9007,0.5684,0.728,4.3438,5.1382,3.4759,3.2888,5.6667,1.412,3.2784,2.1194,1.4396,2.7223,10.7798,21.383,23.1396,29.8308,1.9061,3.1801,1.1468,3.0206,3.2466,6.7276,9.6882,19.2805,1.5875,9.1322,13.7579,24.174,47.7616,75.5993,81.9298,81.719,106.9016,0.7093,6.6326
9.5,3.0012,5.1681,6.8807,16.528,3.3432,20.4414,0.5806,0.7417,4.4195,5.1994,3.5673,3.3408,5.7404,1.43,3.3143,2.1578,1.4585,2.7616,11.0183,21.8081,23.5932,30.3908,1.9357,3.2516,1.1478,3.0654,3.2599,6.8345,9.9352,19.7252,1.6156,9.3436,14.1369,24.6763,48.7767,77.2036,83.4674,82.4336,107.2044,0.7215,6.7532
9.58,3.0364,5.2434,6.9772,16.886,3.3798,20.9446,0.5914,0.7543,4.4723,5.2444,3.6421,3.3904,5.8074,1.445,3.3437,2.1912,1.4737,2.7971,11.2366,22.2064,24.0266,30.9383,1.9577,3.3157,1.1461,3.0997,3.2646,6.9111,10.1585,20.1499,1.6419,9.5311,14.4821,25.1544,49.756,78.8092,85.0539,83.2775,107.6771,0.7319,6.8482
9.67,3.0523,5.2935,7.0397,17.1844,3.3938,21.3969,0.6005,0.7653,4.5002,5.2552,3.6957,3.4358,5.8548,1.4489,3.3432,2.216,1.4779,2.8227,11.4318,22.5657,24.413,31.4353,1.9563,3.3651,1.1266,3.1104,3.2343,6.9384,10.3464,20.5316,1.665,9.6876,14.783,25.5809,50.6463,80.3925,86.6674,84.2345,108.3027,0.7388,6.9128
9.75,3.0384,5.3026,7.0502,17.3949,3.3738,21.7724,0.6073,0.7735,4.4962,5.2101,3.7255,3.4734,5.8719,1.4423,3.3146,2.2264,1.4697,2.8338,11.5946,22.8598,24.7223,31.8338,1.932,3.3909,1.093,3.0878,3.1604,6.9043,10.4782,20.8321,1.6823,9.8006,15.0303,25.9136,51.3689,81.9005,88.2769,85.2879,109.0612,0.7403,6.9359
9.83,3.0041,5.272,7.0033,17.5084,3.3315,22.0481,0.6112,0.7786,4.4582,5.1263,3.7339,3.5014,5.8689,1.4296,3.2721,2.224,1.4538,2.8345,11.717,23.0724,24.9601,32.1413,1.8961,3.3978,1.0555,3.0442,3.0679,6.8165,10.5526,21.0444,1.6936,9.8617,15.2164,26.1357,51.9245,83.2722,89.8421,86.4205,109.9292,0.7376,6.9124
9.92,2.9584,5.2157,6.9171,17.5282,3.2773,22.2135,0.6122,0.781,4.3876,5.0233,3.7236,3.5213,5.8539,1.4134,3.2241,2.2126,1.4334,2.8282,11.7953,23.2047,25.1306,32.3745,1.8557,3.3916,1.0192,2.9896,2.9722,6.6928,10.5748,21.1821,1.7001,9.8684,15.3355,26.2714,52.3359,84.4794,91.3234,87.6118,110.8811,0.7319,6.843
10,2.9071,5.1444,6.809,17.4672,3.218,22.2728,0.6106,0.7813,4.2937,4.9134,3.6972,3.5344,5.8319,1.3956,3.175,2.1948,1.4108,2.8172,11.829,23.2702,25.2381,32.5424,1.8147,3.3766,0.9865,2.9306,2.8814,6.5508,10.5519,21.2565,1.7027,9.8316,15.3852,26.3416,52.6226,85.5136,92.6892,88.8389,111.892,0.7244,6.7428
10.08,2.8551,5.0662,6.6916,17.3427,3.1586,22.2397,0.6072,0.78,4.1918,4.8057,3.657,3.5423,5.8072,1.378,3.1293,2.1733,1.388,2.8037,11.826,23.281,25.2908,32.6528,1.7769,3.3562,0.9595,2.8722,2.8014,6.4056,10.4926,21.2783,1.7024,9.7653,15.3689,26.3604,52.8049,86.3749,93.9193,90.0774,112.9393,0.7158,6.6284
10.17,2.8259,5.0077,6.5988,17.1997,3.1278,22.1429,0.6035,0.7788,4.1057,4.7436,3.6128,3.5496,5.8079,1.3774,3.1334,2.1575,1.3811,2.8011,11.8034,23.269,25.3398,32.7691,1.7742,3.3475,0.9659,2.8439,2.786,6.3118,10.4249,21.2937,1.7028,9.6961,15.3081,26.3845,52.9934,87.0889,95.0143,91.3073,114.0049,0.7105,6.5288
10.25,2.8438,5.0052,6.5752,17.109,3.1526,22.0403,0.6014,0.7801,4.0608,4.778,3.5788,3.5639,5.8588,1.3955,3.1914,2.1606,1.3951,2.821,11.7882,23.2943,25.4478,32.9799,1.8115,3.3707,1.0041,2.8696,2.8599,6.3084,10.3956,21.3799,1.7093,9.6587,15.2418,26.4972,53.3486,87.7424,96.0041,92.5161,115.078,0.713,6.4788
10.33,2.8977,5.0652,6.6428,17.1081,3.218,21.9906,0.6024,0.7855,4.0715,4.8881,3.5659,3.5898,5.9449,1.4249,3.2779,2.1824,1.4229,2.8574,11.8044,23.4016,25.6143,33.2761,1.8723,3.4209,1.0578,2.9333,2.9835,6.3995,10.418,21.5589,1.7233,9.6784,15.2039,26.7411,53.8838,88.4439,96.9436,93.6982,116.1571,0.7218,6.5007
10.42,2.9743,5.1688,6.7795,17.2116,3.3083,22.0329,0.6074,0.7944,4.1448,5.0423,3.5789,3.6595,6.0531,1.4604,3.3768,2.2177,1.4591,2.9047,11.8683,23.6027,25.8404,33.6304,1.9449,3.4897,1.1164,3.0203,3.1279,6.5661,10.4941,21.812,1.7431,9.7703,15.2223,27.0799,54.5611,89.2449,97.893,94.8566,117.2497,0.7351,6.6048
10.5,3.0638,5.3004,6.96,17.4165,3.412,22.1814,0.6161,0.8059,4.2717,5.2178,3.6191,3.7435,6.1798,1.4987,3.4782,2.262,1.4996,2.9585,11.9886,23.883,26.127,34.0301,2.0213,3.5704,1.173,3.1198,3.2746,6.7828,10.6219,22.1234,1.7674,9.9231,15.3174,27.4786,55.3451,90.161,98.9032,96.002,118.3704,0.7513,6.77
10.58,3.1636,5.4525,7.1706,17.7137,3.5266,22.4336,0.6275,0.8196,4.4309,5.4077,3.6879,3.8381,6.3237,1.5422,3.59,2.3135,1.5452,3.0185,12.1589,24.2325,26.4794,34.4824,2.1052,3.6613,1.2337,3.2299,3.4253,7.0402,10.7982,22.488,1.7957,10.122,15.5002,27.9275,56.2266,91.1954,100.0072,97.1517,119.536,0.7699,6.9726
10.67,3.4176,5.7592,7.5682,18.264,3.8318,22.8606,0.6462,0.8423,4.6994,5.8676,3.8291,3.9874,6.6538,1.699,4.0354,2.4189,1.6937,3.1649,12.4145,24.7751,27.1708,35.3724,2.4317,3.8601,1.5204,3.5373,3.946,7.6604,11.1392,23.1417,1.8451,10.4565,15.8341,28.7297,57.8214,92.4732,101.2566,98.3445,120.7764,0.813,7.3144
10.75,4.0304,6.4817,8.4561,19.4617,4.5624,23.7432,0.6806,0.8872,5.3154,6.9814,4.0983,4.2802,7.356,1.9751,4.8469,2.6588,1.9791,3.4724,12.8744,25.8573,28.597,37.3097,3.0803,4.3217,2.0645,4.2555,5.0707,8.9781,11.9366,24.5916,1.948,11.1043,16.4406,30.4267,61.2082,94.5236,102.8577,99.6331,122.1498,0.9092,7.9863
10.83,4.9523,7.7274,10.0759,21.5645,5.6397,25.4382,0.7376,0.9643,6.3313,8.6199,4.518,4.7884,8.3347,2.3079,5.8084,3.3612,2.3437,4.2924,13.6486,27.7542,30.7278,40.2036,3.9197,5.0263,2.7087,5.3025,6.5023,11.1035,13.2977,27.0105,2.1124,12.2427,17.4569,33.3355,66.4605,98.083,105.2158,101.0888,123.7628,1.1887,9.147
10.92,6.0648,9.3708,12.3111,24.7191,6.9152,28.2213,0.823,1.2906,7.8163,10.5015,5.1,5.4997,9.4906,2.6553,6.7814,4.2818,2.7398,5.3024,14.9599,30.5212,33.5186,43.7784,4.8095,5.9064,3.3023,6.5373,7.961,14.1894,15.2478,30.2439,2.3254,14.0309,19.0396,37.1429,73.2251,103.4938,108.7761,102.8343,125.7702,1.4913,10.9124
11,7.2407,11.5238,14.9058,28.9367,8.2386,32.2013,0.9348,1.7094,9.65,12.398,5.85,6.3762,10.7528,2.9938,7.695,5.2685,3.1353,6.3771,16.8843,34.0204,36.9269,47.8719,5.637,6.8924,3.7646,7.8082,9.2657,17.2187,17.8153,34.1441,2.6485,16.4158,21.3416,41.5027,81.167,110.805,113.9149,105.0432,128.4161,1.7889,13.0866
11.08,8.3654,13.6431,17.5809,34.0883,9.4821,37.3258,1.0641,2.1002,11.5161,14.1517,6.7659,7.3708,12.0706,3.3094,8.5104,6.2162,3.5087,7.4336,19.3297,38.1219,40.8784,52.4032,6.4027,7.9172,4.0756,8.9837,10.3269,19.8966,20.7971,38.5805,3.2014,19.2267,24.4456,46.2333,89.9993,119.9379,120.8406,107.9243,131.9104,2.0607,15.3858
11.17,9.2336,15.3897,19.9499,39.6398,10.4948,43.3432,1.2002,2.4239,13.1177,15.5018,7.8133,8.3945,13.3058,3.6023,9.0296,6.9707,3.798,8.2866,22.095,42.6016,45.1248,57.1177,6.7724,8.8438,4.0884,9.8176,10.8902,21.8082,23.8779,43.2651,3.7582,22.1866,28.2428,51.0732,99.1399,130.6658,129.4966,111.6782,136.439,2.266,17.527
11.25,9.7063,16.534,21.6438,44.8371,11.0195,49.7008,1.332,2.6479,14.2569,16.2539,8.892,9.3304,14.3581,3.9154,9.3392,7.4037,4.1735,8.8354,24.9113,47.1143,49.3801,61.7287,6.7994,9.5408,3.9452,10.198,10.9587,22.7903,26.6448,47.7183,4.249,24.9585,32.367,55.6902,107.9139,142.4944,139.6101,116.429,142.1401,2.3787,19.2737
11.33,9.9136,17.132,22.5688,49.1606,11.1903,55.7058,1.4514,2.7696,14.8971,16.5944,9.8585,10.1044,15.2831,4.1259,9.5683,7.5882,4.4034,9.1809,27.5653,51.4212,53.6015,66.3155,6.6995,10.0476,3.7893,10.3083,10.814,23.0825,28.925,51.7429,4.6488,27.2806,36.4304,59.942,116.2696,154.8821,150.7864,122.2126,149.0506,2.4316,20.5219
11.42,9.9733,17.3955,22.9702,52.4162,11.1893,60.8751,1.553,2.8228,15.093,16.7089,10.6407,10.7253,16.107,4.2708,9.7534,7.6361,4.5356,9.3995,29.8965,55.4125,57.7108,70.928,6.5695,10.4191,3.6614,10.2829,10.6044,22.9984,30.6937,55.3316,4.9666,29.016,40.1012,63.9534,124.2633,167.5418,162.6472,129.0034,157.088,2.4513,21.2756
11.5,9.9572,17.4688,23.0745,54.6744,11.1149,65.0037,1.6365,2.8378,14.9969,16.7055,11.2195,11.2172,16.8401,4.373,9.9092,7.6164,4.6078,9.5391,31.8362,59.0636,61.6233,75.514,6.4484,10.6943,3.5671,10.199,10.3968,22.7526,32.0001,58.4782,5.2146,30.2389,43.1586,67.7645,131.8867,180.2999,174.8953,136.7267,166.069,2.4537,21.683
11.58,9.9008,17.4344,23.0166,56.1181,11.0084,68.1017,1.705,2.832,14.7842,16.6374,11.6023,11.6014,17.4825,4.439,10.0302,7.5639,4.6386,9.6231,33.4145,62.3403,65.2625,79.9732,6.3351,10.8966,3.4892,10.0894,10.205,22.4431,32.924,61.1806,5.4042,31.0731,45.5225,71.3194,139.0662,192.994,187.3353,145.2756,175.7776,2.4463,21.8833
11.67,9.6651,17.1706,22.6792,56.7614,10.6626,70.1845,1.8348,2.7917,14.4426,16.3164,11.7686,11.8405,17.9008,4.3392,9.8826,7.3952,4.5133,9.5048,34.6479,65.1028,68.3489,83.9108,5.9677,10.933,3.2297,9.7688,9.7446,21.7378,33.4193,63.2316,5.5095,31.4947,47.1665,74.2862,145.1912,205.3207,199.8178,154.5164,186.0068,2.3947,21.8542
11.75,9.1632,16.5096,21.8824,56.406,9.9797,71.0946,1.8834,2.6952,13.9047,15.5721,11.7212,11.8698,18.0063,4.1282,9.5173,7.0247,4.2608,9.1361,35.4422,67.0901,70.6084,86.8974,5.5259,10.717,2.8976,9.1742,8.9927,20.5325,33.3135,64.2812,5.4914,31.4115,48.0888,76.2562,149.4946,216.6319,212.044,164.3154,196.5634,2.2773,21.5099
11.83,8.5696,15.5606,20.6689,55.0973,9.3386,70.7981,1.8511,2.5453,13.1724,14.6326,11.5184,11.6866,17.9016,3.8921,9.0806,6.5603,3.9802,8.6745,35.7341,68.1864,72.1121,89.0475,5.0873,10.3576,2.6066,8.5158,8.2169,19.0842,32.6834,64.3916,5.3734,30.812,48.3015,77.132,152.0599,226.2804,223.5932,174.5247,207.2008,2.136,20.836
11.92,7.9914,14.5494,19.3363,53.0738,8.7154,69.4462,1.7734,2.3774,12.28,13.6816,11.2027,11.3726,17.6524,3.667,8.639,6.1035,3.7583,8.2061,35.5468,68.4566,72.9014,90.5111,4.7008,9.9441,2.3774,7.8983,7.527,17.6511,31.6833,63.8072,5.2023,29.7631,47.8389,77.1995,153.1644,234.0327,234.0733,184.9483,217.6961,1.9968,19.8794
12,7.4716,13.5916,18.0692,50.647,8.1566,67.2947,1.7123,2.2162,11.3382,12.8021,10.803,10.9945,17.3056,3.4755,8.2228,5.6938,3.6249,7.7691,34.9677,68.0747,73.0369,91.3531,4.3784,9.5246,2.2038,7.3582,6.9527,16.3657,30.4636,62.7225,5.0084,28.4824,46.783,76.673,153.0558,239.8732,243.1995,195.3534,227.883,1.8709,18.8061
12.08,7.0177,12.7305,16.9336,48.0784,7.6699,64.6501,1.6776,2.0711,10.4761,12.019,10.3386,10.5927,16.893,3.3799,7.8432,5.3387,3.4916,7.3733,34.1339,67.1907,72.6063,91.6056,4.1086,9.1209,2.0672,6.8959,6.4817,15.2558,29.1456,61.2885,4.8093,27.1462,45.2708,75.6734,151.9397,243.872,250.8244,205.4943,237.6584,1.7602,17.7476
12.17,6.5145,11.8417,15.7995,45.4033,7.1155,61.6969,1.6313,1.9256,9.6559,11.1652,9.7856,10.1455,16.3282,3.2314,7.3295,4.9612,3.3096,6.9029,33.1216,65.8408,71.5236,91.0561,3.7322,8.66,1.8289,6.3618,5.8775,14.0361,27.7171,59.4461,4.5855,25.7478,43.4132,74.0735,149.5621,246.0295,256.8921,215.1245,246.9341,1.6329,16.679
12.25,5.8862,10.7684,14.4987,42.4615,6.4163,58.4129,1.5718,1.7572,8.7942,10.0895,9.1421,9.6061,15.5564,3.0393,6.7172,4.4869,3.0767,6.3143,31.9052,63.9359,69.7037,89.4707,3.283,8.0756,1.545,5.6935,5.0997,12.5991,26.06,57.0084,4.3067,24.2061,41.2923,71.6694,145.5414,246.1002,261.2596,224.033,255.6056,1.4681,15.5152
12.33,5.2383,9.5979,13.0324,39.2578,5.6993,54.7758,1.4984,1.5641,7.8677,8.9441,8.4583,8.9756,14.6741,2.8308,6.1073,3.9799,2.8248,5.7079,30.4619,61.4803,67.3335,87.0745,2.8532,7.4432,1.2884,5.019,4.3323,11.236,24.2284,54.0794,3.9906,22.4979,38.9544,68.5049,140.1845,243.894,263.7308,232.0369,263.5462,1.2963,14.2275
12.42,4.6332,8.6286,11.5779,35.9425,5.0331,50.8588,1.4118,1.3698,6.8853,7.8503,7.7614,8.3128,13.7424,2.6202,5.5369,3.5026,2.5716,5.1347,28.8155,58.591,64.5443,84.1118,2.4728,6.8199,1.0749,4.4,3.6494,9.9446,22.3545,50.8851,3.6686,20.6544,36.431,64.9,133.9074,239.5814,264.1814,238.9502,270.6238,1.1354,12.838
12.5,4.093,7.7198,10.2401,32.6842,4.4407,46.8256,1.3162,1.19,5.9151,6.8582,7.0649,7.6603,12.802,2.4149,5.0175,3.0772,2.3273,4.6138,27.0165,55.4376,61.4493,80.7388,2.147,6.2326,0.9022,3.8555,3.0689,8.7276,20.5001,47.5903,3.3585,18.8078,33.7681,61.0843,127.0503,233.4851,262.6143,244.5993,276.7359,0.992,11.4536
12.58,3.6209,6.8981,9.0529,29.5813,3.9247,42.8399,1.2176,1.0304,5.0407,5.982,6.3758,7.0408,11.8803,2.2189,4.5501,2.7073,2.0971,4.1495,25.1536,52.1445,58.1575,77.069,1.8717,5.6927,0.7633,3.3857,2.5857,7.6434,18.7103,44.3053,3.0687,17.0583,31.0387,57.1928,119.8824,225.9535,259.1632,248.8442,281.8112,0.8886,10.1565
12.67,3.2123,6.1692,8.0176,26.6978,3.4794,39.0166,1.12,0.9648,4.3652,5.2195,5.6982,6.4651,10.9955,2.0343,4.1314,2.5326,1.8836,3.7398,23.3046,48.811,54.7637,73.1947,1.6398,5.2029,0.6571,2.9837,2.1873,6.702,17.0188,41.104,2.8029,15.4502,28.3366,53.3118,112.6072,217.3229,254.0702,251.598,285.7965,0.8284,8.9866
12.75,2.8601,5.5286,7.1218,24.0651,3.0963,35.4287,1.0261,0.9257,3.8283,4.561,5.0528,5.9371,10.1589,1.8619,3.7566,2.3574,1.6878,3.4413,21.5362,45.5201,51.3498,69.1963,1.4954,4.7617,0.6063,2.6407,1.8595,5.8938,15.4491,38.0345,2.5618,13.9971,25.7673,49.5072,105.3757,207.8989,247.6218,252.8486,288.6708,0.7671,7.953
12.83,2.5565,4.9682,6.3489,21.6905,2.7666,32.1162,0.9374,0.885,3.3667,3.9944,4.4725,5.4566,9.3765,1.7019,3.421,2.1848,1.5097,3.2683,19.8819,42.3337,47.9846,65.1529,1.4,4.366,0.5567,2.3476,1.5895,5.2028,14.0143,35.1422,2.4189,12.6964,23.388,45.8348,98.303,197.9499,240.068,252.6485,290.4132,0.7067,7.0468
12.92,2.2944,4.4784,5.6818,19.5661,2.4822,29.0945,0.8548,0.8434,2.9721,3.5074,3.9654,5.0213,8.6507,1.5541,3.1199,2.018,1.3486,3.1,18.3567,39.2979,44.723,61.1389,1.3082,4.0114,0.5094,2.0965,1.3664,4.6122,12.7118,32.442,2.3071,11.5381,21.2199,42.3538,91.482,187.7097,231.642,251.082,291.023,0.6487,6.2553
13,2.0674,4.05,5.1048,17.6751,2.2363,26.3614,0.7786,0.8019,2.6351,3.0968,3.5271,4.6279,7.9816,1.418,2.8492,1.8589,1.2035,2.9373,16.9544,36.4394,41.6053,57.2162,1.2205,3.6938,0.4648,1.9698,1.1811,4.1208,11.5346,29.9352,2.1961,10.5088,19.2639,39.0867,84.9801,177.3801,222.5628,248.2573,290.532,0.5938,5.5651
13.08,1.87,3.6747,4.6043,15.9966,2.0227,23.9042,0.7088,0.7608,2.3469,2.8004,3.1495,4.2727,7.3673,1.293,2.6053,1.7089,1.0732,2.7808,15.6673,33.7698,38.6576,53.432,1.1372,3.409,0.4232,1.8588,1.0265,3.7263,10.4772,27.6179,2.0868,9.5945,17.5098,36.043,78.8377,167.1292,213.038,244.2999,288.9903,0.5425,4.9631
13.17,1.6979,3.345,4.1686,14.5086,1.8365,21.7038,0.6452,0.7206,2.0996,2.5416,2.8238,3.952,6.8052,1.1784,2.385,1.5684,0.9566,2.6307,14.487,31.2906,35.8933,49.8197,1.0586,3.1533,0.3846,1.7508,0.8968,3.3972,9.5331,25.4834,1.9802,8.7818,15.9419,33.2243,73.0758,157.0914,203.2549,239.3485,286.4566,0.495,4.4374
13.25,1.5471,3.0545,3.7878,13.1895,1.6734,19.7378,0.5875,0.6816,1.8865,2.3147,2.5421,3.6624,6.2918,1.0735,2.1857,1.4376,0.8525,2.4874,13.4051,28.9975,33.3165,46.4005,0.9845,2.9233,0.3491,1.6467,0.7873,3.1147,8.6919,23.5233,1.8767,8.0584,14.5426,30.626,67.7012,147.3699,193.3651,233.5479,282.9984,0.4512,3.9774
13.33,1.4144,2.7977,3.4536,12.0194,1.53,17.9834,0.5354,0.6439,1.7022,2.1151,2.2974,3.4929,5.8237,0.9776,2.0051,1.3166,0.7596,2.3506,12.4134,26.8818,30.9251,43.1856,0.915,2.7412,0.3166,1.5468,0.7212,2.8685,7.9421,21.7259,1.7768,7.4131,13.2942,28.2396,62.7104,138.0393,183.4991,227.0418,278.6909,0.4112,3.5742
13.42,1.3363,2.57,3.1593,11.0935,1.4035,16.4261,0.4884,0.6077,1.5419,1.9389,2.0841,3.3612,5.4177,0.8901,1.841,1.205,0.6769,2.2205,11.5044,24.9356,28.7127,40.1787,0.8499,2.6421,0.287,1.4514,0.6911,2.664,7.2729,20.0886,1.6808,6.8363,12.1796,26.0536,58.0923,129.1508,173.7658,219.9696,273.6153,0.3747,3.2198
13.5,1.2782,2.3674,2.899,10.3305,1.2981,15.0875,0.446,0.573,1.402,1.7827,1.8971,3.2318,5.0646,0.8102,1.6917,1.1024,0.6034,2.0968,10.6707,23.1524,26.6724,37.3777,0.789,2.5456,0.26,1.3607,0.6609,2.4907,6.6765,18.6061,1.5887,6.3194,11.1834,24.0549,53.8348,120.7353,164.2531,212.4628,267.8602,0.3416,2.9075
13.58,1.2217,2.1866,2.668,9.6361,1.2455,13.9349,0.4079,0.5399,1.2792,1.6437,1.7327,3.1051,4.7539,0.7374,1.5557,1.0082,0.538,1.9794,9.9059,21.5221,24.7963,34.7776,0.7322,2.4516,0.2354,1.2747,0.6309,2.3384,6.1731,17.2601,1.5006,5.855,10.2916,22.2298,49.9209,112.809,155.03,204.6432,261.523,0.3115,2.6317
13.67,1.167,2.0246,2.4621,9.0033,1.1943,12.933,0.3736,0.5084,1.1711,1.5196,1.5873,2.9815,4.4778,0.6711,1.4317,0.9221,0.4799,1.868,9.2037,20.0326,23.0747,32.3706,0.6793,2.3603,0.2132,1.1934,0.6014,2.2013,5.784,16.0446,1.4167,5.4367,9.5784,20.5624,46.3287,105.3756,146.1483,196.621,254.6977,0.2844,2.3873
13.75,1.1142,1.8792,2.2781,8.4261,1.1446,12.0487,0.3427,0.4785,1.0755,1.4085,1.4583,2.8612,4.2299,0.6107,1.3184,0.8434,0.4283,1.7626,8.5587,18.6711,21.4966,30.1474,0.63,2.2718,0.193,1.1167,0.5726,2.0755,5.4302,14.9522,1.3368,5.0591,8.9773,19.0598,43.0402,98.4291,137.645,188.4943,247.473,0.2598,2.1703
13.83,1.0632,1.7481,2.113,7.8987,1.0965,11.2589,0.3149,0.4501,0.9905,1.3087,1.3435,2.7443,4.0054,0.5557,1.2294,0.7717,0.3825,1.6627,7.9657,17.4263,20.0506,28.0975,0.5842,2.186,0.1749,1.0444,0.5446,1.9589,5.1075,13.9665,1.2608,4.7172,8.4196,17.7065,40.0397,91.9576,129.5442,180.3487,239.9318,0.2376,1.9771
13.92,1.0141,1.6297,1.9645,7.4159,1.05,10.5473,0.2899,0.4232,0.9148,1.2187,1.2408,2.631,3.8005,0.5057,1.1514,0.7062,0.3418,1.5682,7.4201,16.2903,18.7262,26.2095,0.5416,2.103,0.1584,0.9765,0.5174,1.8501,4.8122,13.0738,1.1888,4.407,7.9037,16.4826,37.3062,85.9452,121.8599,172.2574,232.1519,0.2176,1.8046
14,0.9668,1.5224,1.8304,6.9733,1.0051,9.9019,0.2674,0.3978,0.8471,1.1373,1.1487,2.5214,3.6122,0.4602,1.0788,0.6467,0.3057,1.4789,6.9178,15.2512,17.5136,24.4721,0.502,2.0227,0.1436,0.9127,0.4912,1.7479,4.5413,12.2625,1.1206,4.1248,7.4271,15.3718,34.8158,80.3716,114.5974,164.282,224.2057,0.1995,1.6503
14.08,0.9215,1.4249,1.7091,6.5668,0.9618,9.3132,0.247,0.3739,0.7863,1.0635,1.0658,2.4155,3.4379,0.4188,1.0114,0.5925,0.2737,1.3945,6.455,14.2982,16.4022,22.8743,0.4653,1.9452,0.1302,0.8529,0.466,1.6518,4.2919,11.5227,1.056,3.8675,6.987,14.3605,32.5449,75.2131,107.7554,156.4732,216.1602,0.1832,1.5119
14.17,0.8781,1.3362,1.5989,6.1926,0.9202,8.7741,0.2287,0.3513,0.7316,0.9965,0.9911,2.3133,3.2759,0.3811,0.9486,0.5432,0.2453,1.3148,6.0282,13.422,15.3819,21.4048,0.4312,1.8703,0.1182,0.7968,0.4419,1.5612,4.0617,10.846,0.9949,3.6324,6.5807,13.4372,30.4713,70.4442,101.3267,148.8718,208.0763,0.1685,1.3875
14.25,0.8364,1.2551,1.4986,5.8476,0.8801,8.2786,0.2121,0.33,0.7041,0.9353,0.9233,2.2148,3.1246,0.3469,0.8903,0.4984,0.22,1.2394,5.6342,12.6146,14.4436,20.0529,0.3996,1.798,0.1073,0.7444,0.4187,1.4757,3.8487,10.2644,0.9372,3.4171,6.2055,12.5924,28.5745,66.0385,95.3005,141.5096,200.009,0.1552,1.2754
14.33,0.7966,1.181,1.4096,5.5288,0.8416,7.8218,0.197,0.3099,0.6788,0.8795,0.8619,2.12,2.9826,0.3158,0.8361,0.4576,0.1976,1.1683,5.2703,11.869,13.5789,18.8084,0.3703,1.7283,0.0975,0.6953,0.3966,1.3951,3.6511,9.7964,0.8827,3.2196,5.8588,11.8176,26.8576,61.9697,89.6655,134.4104,192.0065,0.1432,1.1743
14.42,0.7585,1.1129,1.3661,5.2341,0.8046,7.3994,0.1834,0.291,0.6539,0.8284,0.806,2.0288,2.849,0.2875,0.7857,0.4206,0.1777,1.1012,4.9338,11.1791,12.7805,17.6616,0.3432,1.6611,0.0887,0.6494,0.3755,1.319,3.4673,9.3567,0.8313,3.0379,5.5381,11.1056,25.3039,58.2173,84.403,127.592,184.1113,0.1324,1.0827
14.5,0.7221,1.0504,1.3232,4.9664,0.7691,7.0087,0.171,0.2733,0.6295,0.7814,0.755,1.9411,2.7229,0.2618,0.7388,0.3869,0.16,1.0379,4.6225,10.5396,12.042,16.6037,0.318,1.5964,0.0807,0.6065,0.3555,1.2472,3.2962,8.9431,0.7829,2.8705,5.2411,10.4501,23.888,54.7588,79.494,121.0652,176.3595,0.1225,0.9998
14.58,0.6873,1.0188,1.281,4.7214,0.7351,6.6479,0.1597,0.2566,0.6056,0.7382,0.7083,1.8568,2.6036,0.2385,0.6952,0.3563,0.1443,0.9782,4.3342,9.9458,11.3577,15.6264,0.2947,1.534,0.0736,0.5665,0.3364,1.1794,3.1364,8.5539,0.7373,2.716,4.9659,9.8456,22.5905,51.5703,74.9193,114.8362,168.7818,0.1136,0.9245
14.67,0.6541,0.9898,1.2396,4.5,0.7024,6.3149,0.1494,0.241,0.5823,0.6984,0.6656,1.7759,2.4904,0.2172,0.6547,0.3285,0.1303,0.9219,4.067,9.3937,10.7224,14.7224,0.2732,1.4739,0.0671,0.5291,0.3182,1.1155,2.987,8.1871,0.6943,2.5731,4.7105,9.2872,21.396,48.6282,70.659,108.9067,161.4032,0.1056,0.856
14.75,0.6225,0.9613,1.199,4.2984,0.6712,6.0081,0.14,0.2263,0.5597,0.6717,0.6263,1.6983,2.383,0.1979,0.6169,0.3031,0.1178,0.8688,3.8191,8.8795,10.1317,13.885,0.2532,1.4161,0.0613,0.4943,0.301,1.0552,2.8471,7.8412,0.6538,2.4652,4.4717,8.7707,20.2923,45.9103,66.6929,103.2747,154.2441,0.0982,0.837
14.83,0.5923,0.9333,1.1593,4.1136,0.6412,5.7254,0.1314,0.2125,0.5376,0.6536,0.5902,1.6239,2.2808,0.1804,0.5817,0.2801,0.1067,0.8187,3.589,8.4,9.5818,13.1083,0.2347,1.3604,0.056,0.4617,0.2846,0.9983,2.7159,7.5148,0.6157,2.4005,4.2536,8.2917,19.2692,43.3959,63.0039,97.9355,147.3201,0.0915,0.8214
14.92,0.5635,0.9059,1.1206,3.9431,0.6125,5.4643,0.1236,0.1995,0.5163,0.6359,0.5569,1.5525,2.1835,0.1645,0.549,0.2591,0.0968,0.7715,3.3752,7.9522,9.069,12.3867,0.2176,1.3069,0.0513,0.4314,0.2691,0.9447,2.5926,7.2063,0.5798,2.3365,4.0578,7.8476,18.3182,41.0662,59.5726,92.8827,140.6428,0.0854,0.8057
15,0.5361,0.8792,1.0828,3.7849,0.5851,5.2228,0.1163,0.1874,0.4956,0.6186,0.5261,1.4842,2.0908,0.15,0.5333,0.24,0.088,0.727,3.1764,7.5343,8.5901,11.7155,0.2018,1.2553,0.047,0.4031,0.2545,0.8941,2.4768,6.9146,0.5461,2.2734,3.8806,7.4363,17.4325,38.9044,56.3793,88.1076,134.2198,0.0799,0.79
15.08,0.5099,0.853,1.046,3.6374,0.5588,4.9986,0.1097,0.176,0.4756,0.6016,0.4977,1.4187,2.0024,0.1368,0.5182,0.2225,0.0801,0.6851,2.9914,7.1464,8.1433,11.0903,0.1871,1.2058,0.0431,0.3768,0.2406,0.8625,2.3665,6.6385,0.5144,2.2114,3.7191,7.0556,16.6063,36.8952,53.4059,83.6002,128.0555,0.0748,0.7743
15.17,0.485,0.8275,1.0102,3.4993,0.5337,4.7899,0.1036,0.1653,0.4563,0.585,0.4713,1.356,1.918,0.1249,0.5031,0.2066,0.0731,0.6456,2.8191,6.7851,7.7267,10.5074,0.1736,1.1581,0.0396,0.3522,0.2275,0.8385,2.2638,6.3768,0.4846,2.1504,3.571,6.703,15.8347,35.0251,50.635,79.3496,122.1515,0.0702,0.7587
15.25,0.4613,0.8025,0.9754,3.3695,0.5097,4.5951,0.0979,0.1553,0.4376,0.5688,0.4468,1.296,1.8374,0.114,0.488,0.1921,0.0667,0.6084,2.6586,6.4476,7.3379,9.9636,0.161,1.1123,0.0365,0.3293,0.215,0.8128,2.1685,6.1286,0.4566,2.0905,3.4344,6.3763,15.1131,33.282,48.0508,75.3438,116.5069,0.0659,0.7432
15.33,0.4388,0.7782,0.9416,3.247,0.4867,4.4126,0.0927,0.1459,0.4196,0.5529,0.4241,1.2386,1.7603,0.1041,0.473,0.1789,0.0611,0.5733,2.5088,6.1317,6.9746,9.456,0.1494,1.0682,0.0336,0.308,0.2033,0.786,2.0798,5.8932,0.4303,2.0318,3.3075,6.0734,14.4377,31.6552,45.6386,71.571,111.1185,0.062,0.7278
15.42,0.4173,0.7545,0.9087,3.1311,0.4648,4.2411,0.0878,0.1371,0.4023,0.5375,0.4029,1.1837,1.6867,0.0951,0.4581,0.1667,0.056,0.5402,2.369,5.8352,6.6345,8.9816,0.1387,1.0259,0.031,0.2881,0.1922,0.7585,1.9969,5.6699,0.4055,1.9743,3.1893,5.7921,13.8049,30.1353,43.3849,68.0187,105.9817,0.0584,0.7125
15.5,0.3969,0.7314,0.8769,3.0211,0.4438,4.0796,0.0833,0.1289,0.3856,0.5224,0.3832,1.1312,1.6164,0.087,0.4433,0.1556,0.0515,0.5091,2.2383,5.5566,6.3157,8.5379,0.1287,0.9852,0.0287,0.2696,0.1817,0.7304,1.9191,5.458,0.3823,1.9179,3.0786,5.5307,13.2114,28.7134,41.2774,64.6748,101.0905,0.0551,0.6974
15.58,0.3775,0.7089,0.8461,2.9166,0.4237,3.9272,0.0792,0.1211,0.3696,0.5076,0.3667,1.0809,1.5491,0.0795,0.4288,0.1455,0.0474,0.4798,2.1162,5.2942,6.0163,8.1224,0.1196,0.9461,0.0265,0.2524,0.1718,0.7022,1.8459,5.2568,0.3604,1.8629,2.9746,5.2872,12.6544,27.3821,39.3047,61.5275,96.4378,0.0521,0.6824
15.67,0.359,0.6871,0.8162,2.817,0.4046,3.7828,0.0753,0.1139,0.3541,0.4933,0.3619,1.0329,1.4847,0.0728,0.4145,0.1361,0.0437,0.4522,2.002,5.0469,5.7346,7.7341,0.111,0.9085,0.0246,0.2363,0.1625,0.6739,1.7767,5.0656,0.3399,1.809,2.8764,5.0602,12.1311,26.134,37.4565,58.5651,92.0155,0.0492,0.6677
15.75,0.3414,0.6658,0.7872,2.722,0.3863,3.646,0.0717,0.1071,0.3393,0.4792,0.3563,0.987,1.4231,0.0666,0.4005,0.1276,0.0404,0.4261,1.895,4.8135,5.4693,7.372,0.1032,0.8724,0.0228,0.2214,0.1537,0.6459,1.7113,4.8839,0.3206,1.7565,2.7835,4.8481,11.6389,24.9631,35.7234,55.7765,87.8153,0.0466,0.6531
15.83,0.3247,0.6451,0.7592,2.6311,0.3688,3.5159,0.0683,0.1008,0.3251,0.4656,0.3501,0.9431,1.3642,0.061,0.3867,0.1197,0.0374,0.4016,1.7948,4.593,5.2191,7.0334,0.0959,0.8377,0.0212,0.2074,0.1454,0.6183,1.6491,4.7109,0.3025,1.7052,2.6953,4.6497,11.1756,23.8641,34.0968,53.151,83.8282,0.0442,0.6388
15.92,0.3088,0.625,0.7322,2.5442,0.3521,3.3921,0.0652,0.0948,0.3114,0.4523,0.3435,0.9012,1.3078,0.0559,0.3733,0.1125,0.0347,0.3786,1.7009,4.3845,4.9828,6.7159,0.0891,0.8043,0.0198,0.1944,0.1375,0.5911,1.5901,4.5462,0.2855,1.6551,2.6114,4.4638,10.7389,22.8315,32.5688,50.6785,80.0451,0.042,0.6246
16,0.2937,0.6055,0.706,2.4609,0.3362,3.2741,0.0622,0.0893,0.2983,0.4394,0.3365,0.8612,1.2539,0.0513,0.3601,0.1058,0.0322,0.3568,1.6128,4.1871,4.7594,6.4174,0.0829,0.7723,0.0184,0.1823,0.1301,0.5646,1.5338,4.3893,0.2695,1.6063,2.5314,4.2893,10.3269,21.8605,31.1323,48.3494,76.4569,0.0399,0.6107
16.08,0.2794,0.5865,0.6807,2.381,0.321,3.1614,0.0595,0.084,0.2857,0.4268,0.3292,0.8229,1.2023,0.047,0.3473,0.0997,0.03,0.3364,1.5301,4.0001,4.5481,6.1361,0.0771,0.7415,0.0172,0.171,0.1231,0.5387,1.4801,4.2397,0.2545,1.5588,2.4549,4.1252,9.9378,20.9465,29.7808,46.1546,73.0544,0.038,0.597
16.17,0.2657,0.5681,0.6562,2.3043,0.3064,3.0537,0.0569,0.0792,0.2737,0.4145,0.3216,0.7864,1.1529,0.0432,0.3348,0.094,0.028,0.3171,1.4523,3.8229,4.3479,5.8707,0.0718,0.712,0.0161,0.1605,0.1165,0.5136,1.4289,4.0969,0.2404,1.5125,2.3818,3.9706,9.5699,20.0853,28.5082,44.0856,69.8286,0.0362,0.5835
16.25,0.2528,0.5502,0.6326,2.2306,0.2926,2.9506,0.0544,0.0746,0.2621,0.4025,0.314,0.7515,1.1056,0.0397,0.3227,0.0888,0.0261,0.2989,1.3793,3.6548,4.1581,5.6198,0.0668,0.6836,0.0151,0.1507,0.1103,0.4893,1.3806,3.9605,0.2271,1.4674,2.3116,3.8249,9.2217,19.2729,27.3088,42.1343,66.7707,0.0345,0.5703
16.33,0.2404,0.5329,0.6098,2.1597,0.2793,2.8519,0.0521,0.0703,0.2511,0.3909,0.3062,0.7182,1.0603,0.0365,0.3108,0.084,0.0245,0.2818,1.3106,3.4952,3.9782,5.3822,0.0622,0.6564,0.0142,0.1416,0.1045,0.4658,1.3579,3.8288,0.2147,1.4235,2.2443,3.6872,8.8916,18.5057,26.1775,40.2933,63.8719,0.0329,0.5573
16.42,0.2287,0.5161,0.5878,2.0915,0.2667,2.7573,0.05,0.0663,0.2405,0.3796,0.2983,0.6864,1.017,0.0336,0.2994,0.0795,0.0229,0.2657,1.2459,3.3437,3.8073,5.1571,0.058,0.6302,0.0133,0.1331,0.099,0.4432,1.335,3.7049,0.203,1.3808,2.1795,3.5569,8.5783,17.7804,25.1097,38.5555,61.124,0.0314,0.5446
16.5,0.2176,0.4997,0.5665,2.0259,0.2546,2.6665,0.048,0.0625,0.2303,0.3686,0.2904,0.656,0.9755,0.0309,0.2882,0.0753,0.0216,0.2506,1.185,3.1997,3.645,4.9434,0.0541,0.6051,0.0125,0.1251,0.0937,0.4215,1.312,3.5878,0.192,1.3392,2.1172,3.4334,8.2811,17.0941,24.1008,36.9143,58.5189,0.03,0.5321
16.58,0.207,0.4839,0.546,1.9627,0.2431,2.5794,0.0461,0.0589,0.2206,0.3579,0.2826,0.627,0.9358,0.0285,0.2774,0.0715,0.0203,0.2363,1.1276,3.0628,3.4908,4.7404,0.0504,0.581,0.0118,0.1177,0.0888,0.4006,1.2888,3.4772,0.1816,1.2989,2.0572,3.3163,8.0421,16.4436,23.1466,35.3636,56.0489,0.0287,0.5198
16.67,0.197,0.4685,0.5263,1.9018,0.2321,2.4956,0.0442,0.0556,0.2113,0.3475,0.2748,0.5993,0.8978,0.0263,0.267,0.0679,0.0191,0.2229,1.0735,2.9327,3.3442,4.5475,0.047,0.5578,0.0111,0.1108,0.0842,0.3806,1.2656,3.3723,0.1719,1.2596,1.9994,3.2051,7.8171,15.8349,22.2436,33.8975,53.7066,0.0275,0.5078
16.75,0.1874,0.4537,0.5072,1.8431,0.2217,2.4152,0.0425,0.0525,0.2024,0.3374,0.2671,0.5728,0.8615,0.0243,0.2569,0.0645,0.018,0.2102,1.0224,2.8088,3.2047,4.3639,0.0439,0.5356,0.0105,0.1043,0.0798,0.3614,1.2423,3.2727,0.1628,1.2215,1.9436,3.0992,7.5967,15.2633,21.3893,32.5107,51.485,0.0264,0.496
16.83,0.1784,0.4392,0.4888,1.7866,0.2117,2.3378,0.0409,0.0496,0.1939,0.3276,0.2594,0.5476,0.8266,0.0224,0.2471,0.0614,0.0171,0.1983,0.9743,2.6909,3.0719,4.189,0.041,0.5142,0.0099,0.0983,0.0757,0.3432,1.219,3.1779,0.1542,1.1844,1.8897,2.9984,7.3821,14.7242,20.5813,31.1981,49.3773,0.0253,0.4844
16.92,0.1697,0.4252,0.4711,1.732,0.2021,2.2633,0.0394,0.0469,0.1857,0.318,0.2519,0.5235,0.7933,0.0208,0.2376,0.0585,0.0161,0.187,0.9288,2.5786,2.9454,4.0225,0.0383,0.4938,0.0094,0.0927,0.0718,0.3257,1.1958,3.0875,0.1461,1.1484,1.8376,2.9023,7.1737,14.2142,19.8169,29.9554,47.3772,0.0243,0.4731
17,0.1616,0.4117,0.454,1.6794,0.193,2.1917,0.0379,0.0443,0.1779,0.3087,0.2445,0.5005,0.7614,0.0192,0.2285,0.0558,0.0153,0.1765,0.8857,2.4717,2.825,3.8636,0.0358,0.4741,0.0089,0.0874,0.0682,0.3091,1.1725,3.0013,0.1385,1.1135,1.7872,2.8105,6.972,13.7303,19.0931,28.7783,45.4786,0.0233,0.462
17.08,0.1538,0.3986,0.4375,1.6286,0.1843,2.1227,0.0366,0.0419,0.1705,0.2997,0.2373,0.4786,0.7308,0.0178,0.2196,0.0533,0.0145,0.1665,0.8458,2.3697,2.7102,3.7122,0.0335,0.4552,0.0085,0.0825,0.0647,0.2932,1.1494,2.9188,0.1314,1.0795,1.7385,2.7229,6.7771,13.2701,18.4073,27.6629,43.6759,0.0224,0.4511
17.17,0.1464,0.3858,0.4217,1.5796,0.1761,2.0562,0.0353,0.0397,0.1633,0.291,0.2302,0.4576,0.7015,0.0165,0.2111,0.0509,0.0138,0.1571,0.8145,2.2728,2.6007,3.5676,0.0314,0.4371,0.0081,0.078,0.0615,0.2782,1.1263,2.8399,0.1246,1.0466,1.6914,2.639,6.589,12.8316,17.7568,26.6056,41.9637,0.0216,0.4405
17.25,0.1394,0.3735,0.4064,1.5323,0.1682,1.9922,0.034,0.0375,0.1565,0.2824,0.2233,0.4376,0.6735,0.0153,0.2029,0.0487,0.0131,0.1483,0.7847,2.1815,2.4964,3.4296,0.0294,0.4196,0.0077,0.0737,0.0584,0.2638,1.1034,2.7642,0.1183,1.0146,1.6458,2.5587,6.4076,12.4134,17.1393,25.6027,40.3369,0.0207,0.4301
17.33,0.1327,0.3616,0.3917,1.4866,0.1606,1.9305,0.0328,0.0355,0.15,0.2742,0.2165,0.4185,0.6467,0.0143,0.195,0.0466,0.0125,0.14,0.7563,2.0953,2.3974,3.2978,0.0275,0.4029,0.0073,0.0697,0.0555,0.2502,1.0806,2.6915,0.1124,0.9836,1.6017,2.4818,6.2327,12.0138,16.5523,24.6511,38.7909,0.02,0.4199
17.42,0.1264,0.35,0.3775,1.4424,0.1534,1.8711,0.0317,0.0337,0.1437,0.2661,0.21,0.4003,0.621,0.0133,0.1873,0.0447,0.0119,0.1321,0.7293,2.0138,2.3035,3.172,0.0258,0.3869,0.007,0.0659,0.0528,0.2373,1.058,2.6216,0.1067,0.9535,1.5589,2.408,6.0643,11.6317,15.9938,23.7477,37.3211,0.0193,0.4099
17.5,0.1204,0.3388,0.3638,1.3998,0.1466,1.8137,0.0306,0.0319,0.1378,0.2583,0.2035,0.3829,0.5964,0.0124,0.18,0.0428,0.0114,0.1247,0.7035,1.9365,2.2144,3.0519,0.0242,0.3715,0.0067,0.0624,0.0502,0.2251,1.0356,2.5544,0.1015,0.9243,1.5174,2.3372,5.902,11.266,15.4619,22.8894,35.9232,0.0186,0.4002
17.58,0.1146,0.328,0.3506,1.3587,0.14,1.7584,0.0296,0.0303,0.1321,0.2507,0.1973,0.3664,0.5728,0.0115,0.1729,0.0411,0.0109,0.1178,0.6861,1.8629,2.1298,2.9373,0.0227,0.3567,0.0064,0.0591,0.0477,0.2135,1.0134,2.4896,0.0965,0.896,1.4773,2.2691,5.7456,10.9263,14.954,22.0737,34.5932,0.0179,0.3907
17.67,0.1092,0.3175,0.338,1.3189,0.1338,1.7051,0.0287,0.0287,0.1266,0.2434,0.1913,0.3505,0.5502,0.0108,0.166,0.0395,0.0104,0.1112,0.6743,1.7943,2.0495,2.828,0.0214,0.3425,0.0061,0.0561,0.0454,0.2025,0.9914,2.4272,0.0918,0.8685,1.4383,2.2038,5.5948,10.6527,14.4707,21.2975,33.3275,0.0173,0.3813
17.75,0.104,0.3073,0.3258,1.2805,0.1278,1.6536,0.0277,0.0273,0.1214,0.2362,0.1854,0.3354,0.5286,0.0101,0.1594,0.0379,0.01,0.1051,0.6624,1.7308,1.9736,2.7238,0.0201,0.3289,0.0058,0.0532,0.0433,0.1921,0.9697,2.367,0.0874,0.8419,1.4095,2.1402,5.4495,10.384,14.0174,20.5587,32.1223,0.0167,0.3722
17.83,0.0991,0.2975,0.314,1.2433,0.1221,1.6039,0.0268,0.0259,0.1164,0.2293,0.1797,0.321,0.5079,0.0094,0.1531,0.0365,0.0096,0.0993,0.6506,1.6715,1.9023,2.6244,0.0189,0.3159,0.0056,0.0505,0.0412,0.1822,0.9482,2.3088,0.0832,0.8161,1.3917,2.08,5.3093,10.1208,13.5904,19.8559,30.9743,0.0161,0.3633
17.92,0.0945,0.288,0.3027,1.2074,0.1167,1.556,0.026,0.0246,0.1117,0.2225,0.1742,0.3072,0.488,0.0088,0.147,0.0351,0.0092,0.0938,0.6388,1.6159,1.8352,2.5299,0.0178,0.3033,0.0054,0.0479,0.0393,0.1729,0.927,2.2526,0.0793,0.7911,1.3733,2.024,5.174,9.8635,13.1864,19.1877,29.8804,0.0156,0.3546
18,0.0901,0.2788,0.2918,1.1727,0.1115,1.5097,0.0252,0.0234,0.1071,0.216,0.1688,0.2941,0.469,0.0083,0.1412,0.0338,0.0088,0.0886,0.627,1.5649,1.7721,2.4399,0.0167,0.2913,0.0051,0.0456,0.0374,0.164,0.9061,2.1982,0.0756,0.7668,1.3544,1.9716,5.0438,9.6125,12.803,18.5522,28.8377,0.0151,0.3461
18.08,0.0859,0.2698,0.2813,1.1392,0.1066,1.465,0.0244,0.0223,0.1028,0.2096,0.1636,0.2815,0.4508,0.0078,0.1355,0.0326,0.0085,0.0837,0.6153,1.5245,1.714,2.3544,0.0158,0.2797,0.0049,0.0433,0.0357,0.1557,0.8855,2.1455,0.0721,0.7433,1.3352,1.9225,4.9185,9.3681,12.4379,17.9479,27.8436,0.0146,0.3378
18.17,0.0819,0.2612,0.2712,1.1067,0.1019,1.4219,0.0237,0.0212,0.0986,0.2035,0.1586,0.2696,0.4334,0.0073,0.1301,0.0314,0.0082,0.0792,0.6037,1.4852,1.6613,2.2735,0.0149,0.2686,0.0047,0.0413,0.0341,0.1478,0.8651,2.0946,0.0688,0.7205,1.3156,1.8762,4.7981,9.1305,12.0895,17.3729,26.8956,0.0141,0.3297
18.25,0.0781,0.2529,0.2615,1.0753,0.0974,1.3802,0.023,0.0202,0.0946,0.1975,0.1538,0.2582,0.4167,0.0069,0.1249,0.0303,0.0079,0.0748,0.5922,1.4469,1.6127,2.1972,0.0141,0.258,0.0046,0.0393,0.0325,0.1404,0.8451,2.0452,0.0657,0.6984,1.2957,1.8324,4.6825,8.8998,11.7562,16.8254,25.9914,0.0137,0.3217
18.33,0.0744,0.2448,0.2522,1.045,0.0931,1.3399,0.0223,0.0192,0.0908,0.1917,0.1491,0.2472,0.4007,0.0065,0.1199,0.0293,0.0076,0.0708,0.5807,1.4097,1.5673,2.1254,0.0133,0.2478,0.0044,0.0375,0.031,0.1333,0.8254,1.9973,0.0628,0.677,1.2756,1.7908,4.5713,8.6762,11.4368,16.3039,25.1286,0.0133,0.314
18.42,0.071,0.237,0.2432,1.0157,0.089,1.301,0.0216,0.0184,0.0872,0.186,0.1445,0.2368,0.3853,0.0061,0.1151,0.0283,0.0073,0.0669,0.5694,1.3735,1.5245,2.0578,0.0126,0.238,0.0042,0.0357,0.0297,0.1266,0.806,1.9508,0.06,0.6563,1.2553,1.7511,4.4644,8.4598,11.1302,15.8067,24.3052,0.0128,0.3064
18.5,0.0678,0.2294,0.2345,0.9981,0.0851,1.2635,0.021,0.0175,0.0837,0.1806,0.1402,0.2269,0.3706,0.0058,0.1105,0.0273,0.0071,0.0633,0.5581,1.3383,1.4837,1.9941,0.0119,0.2286,0.0041,0.0341,0.0284,0.1204,0.7869,1.9057,0.0574,0.6362,1.2348,1.7132,4.3615,8.2505,10.8357,15.3322,23.519,0.0125,0.299
18.58,0.0647,0.2221,0.2262,0.9846,0.0814,1.2299,0.0204,0.0167,0.0804,0.1753,0.1359,0.2174,0.3565,0.0055,0.106,0.0264,0.0068,0.0599,0.547,1.3041,1.4447,1.9339,0.0113,0.2195,0.0039,0.0326,0.0271,0.1144,0.7682,1.8619,0.0549,0.6167,1.2142,1.6768,4.2625,8.0483,10.5525,14.8791,22.768,0.0121,0.2918
18.67,0.0617,0.215,0.2181,0.9708,0.0778,1.1997,0.0198,0.016,0.0772,0.1701,0.1318,0.2084,0.343,0.0052,0.1017,0.0256,0.0066,0.0567,0.536,1.2708,1.4072,1.877,0.0107,0.2108,0.0038,0.0311,0.0259,0.1088,0.7498,1.8194,0.0525,0.5978,1.1936,1.6418,4.1671,7.853,10.2799,14.4461,22.0507,0.0117,0.2847
18.75,0.0589,0.2081,0.2104,0.9568,0.0745,1.1722,0.0193,0.0153,0.0742,0.1651,0.1279,0.1997,0.33,0.0049,0.0977,0.0247,0.0064,0.0537,0.5252,1.2384,1.371,1.8229,0.0101,0.2025,0.0037,0.0298,0.0248,0.1035,0.7317,1.7781,0.0503,0.5796,1.1728,1.6081,4.0751,7.6645,10.0173,14.0319,21.3656,0.0114,0.2778
18.83,0.0562,0.2015,0.203,0.9426,0.0712,1.1467,0.0187,0.0146,0.0713,0.1602,0.1241,0.1914,0.3176,0.0047,0.0937,0.024,0.0061,0.0508,0.5145,1.207,1.3361,1.7714,0.0096,0.1945,0.0035,0.0285,0.0238,0.0985,0.714,1.7379,0.0482,0.5619,1.1521,1.5754,3.9863,7.4827,9.7644,13.6355,20.7111,0.0111,0.2711
18.92,0.0537,0.1951,0.1958,0.9282,0.0681,1.123,0.0182,0.014,0.0685,0.1555,0.1204,0.1836,0.3057,0.0044,0.0899,0.0232,0.0059,0.0481,0.5039,1.1764,1.3023,1.7224,0.0091,0.1869,0.0034,0.0273,0.0228,0.0937,0.6966,1.6989,0.0462,0.5447,1.1314,1.5438,3.9005,7.3072,9.5206,13.2557,20.0857,0.0107,0.2645
19,0.0513,0.1889,0.189,0.9138,0.0652,1.1005,0.0177,0.0134,0.0659,0.1509,0.1169,0.176,0.2943,0.0042,0.0863,0.0225,0.0058,0.0456,0.4935,1.1466,1.2695,1.6754,0.0087,0.1795,0.0033,0.0261,0.0218,0.0893,0.6796,1.6609,0.0443,0.5281,1.1107,1.513,3.8175,7.1378,9.2854,12.8916,19.4877,0.0104,0.2581
19.08,0.049,0.1829,0.1823,0.8992,0.0624,1.079,0.0173,0.0128,0.0633,0.1465,0.1134,0.1688,0.2833,0.004,0.0828,0.0218,0.0056,0.0432,0.4832,1.1177,1.2377,1.6305,0.0083,0.1725,0.0032,0.0251,0.0209,0.0851,0.6629,1.6239,0.0426,0.512,1.09,1.4831,3.7372,6.9743,9.0586,12.5423,18.9158,0.0101,0.2518
19.17,0.0468,0.1771,0.1759,0.8845,0.0597,1.0584,0.0168,0.0123,0.0609,0.1422,0.1101,0.162,0.2728,0.0038,0.0795,0.0212,0.0054,0.0409,0.4731,1.0895,1.2068,1.5874,0.0079,0.1657,0.0031,0.024,0.0201,0.0811,0.6465,1.588,0.0409,0.4965,1.0695,1.4539,3.6594,6.8164,8.8398,12.207,18.3686,0.0099,0.2457
19.25,0.0448,0.1714,0.1698,0.8698,0.0571,1.0384,0.0164,0.0118,0.0586,0.138,0.1069,0.1554,0.2627,0.0037,0.0763,0.0205,0.0052,0.0388,0.4631,1.0622,1.1768,1.5459,0.0075,0.1592,0.003,0.0231,0.0193,0.0773,0.6304,1.553,0.0393,0.4814,1.049,1.4255,3.5839,6.6639,8.6286,11.885,17.8446,0.0096,0.2398
19.33,0.0428,0.166,0.1639,0.8551,0.0547,1.019,0.0159,0.0113,0.0564,0.134,0.1039,0.1491,0.2531,0.0035,0.0732,0.0199,0.0051,0.0368,0.4533,1.0356,1.1476,1.506,0.0071,0.1529,0.0029,0.0222,0.0185,0.0737,0.6147,1.5189,0.0378,0.4668,1.0287,1.3977,3.5107,6.5165,8.4246,11.5754,17.3426,0.0093,0.2339
19.42,0.0409,0.1607,0.1582,0.8404,0.0524,1,0.0155,0.0108,0.0542,0.13,0.1009,0.1432,0.2438,0.0034,0.0702,0.0194,0.0049,0.0349,0.4437,1.0097,1.1193,1.4675,0.0068,0.1469,0.0028,0.0213,0.0178,0.0704,0.5994,1.4857,0.0363,0.4526,1.0085,1.3705,3.4396,6.374,8.2276,11.2777,16.8615,0.0091,0.2283
19.5,0.0392,0.1557,0.1527,0.8256,0.0502,0.9814,0.0151,0.0104,0.0522,0.1262,0.098,0.1374,0.2349,0.0032,0.0674,0.0188,0.0048,0.0331,0.4342,0.9846,1.0918,1.4303,0.0065,0.1412,0.0027,0.0205,0.0171,0.0672,0.5843,1.4534,0.0349,0.4389,0.9885,1.3438,3.3705,6.2362,8.0373,10.9913,16.4,0.0088,0.2227
19.58,0.0375,0.1507,0.1475,0.811,0.048,0.9632,0.0148,0.01,0.0503,0.1225,0.0953,0.132,0.2263,0.0031,0.0647,0.0183,0.0046,0.0314,0.4248,0.9601,1.065,1.3943,0.0062,0.1357,0.0027,0.0197,0.0164,0.0642,0.5696,1.4219,0.0336,0.4257,0.9687,1.3177,3.3033,6.1028,7.8533,10.7155,15.9572,0.0086,0.2173
19.67,0.0358,0.146,0.1424,0.7963,0.046,0.9452,0.0144,0.0096,0.0484,0.1189,0.0926,0.1267,0.222,0.003,0.0621,0.0178,0.0045,0.0298,0.4157,0.9361,1.0389,1.3596,0.006,0.1304,0.0026,0.019,0.0158,0.0613,0.5552,1.3913,0.0324,0.4128,0.949,1.2966,3.2377,5.9736,7.6755,10.4499,15.5319,0.0084,0.212
19.75,0.0343,0.1414,0.1375,0.7817,0.0441,0.9275,0.014,0.0093,0.0466,0.1154,0.09,0.1218,0.2191,0.0028,0.0596,0.0173,0.0044,0.0283,0.4066,0.9132,1.0135,1.3259,0.0057,0.1253,0.0025,0.0183,0.0152,0.0587,0.5411,1.3614,0.0312,0.4004,0.9296,1.276,3.1744,5.8483,7.5034,10.194,15.1233,0.0082,0.2068
19.83,0.0328,0.1369,0.1328,0.7672,0.0422,0.91,0.0137,0.0089,0.0449,0.112,0.0875,0.117,0.216,0.0027,0.0572,0.0168,0.0043,0.0269,0.3978,0.8914,0.9889,1.2933,0.0055,0.1204,0.0024,0.0177,0.0147,0.0561,0.5274,1.3323,0.0301,0.3884,0.9103,1.2555,3.1132,5.727,7.337,9.9472,14.7305,0.008,0.2018
19.92,0.0315,0.1326,0.1283,0.7528,0.0405,0.8928,0.0134,0.0086,0.0433,0.1088,0.0851,0.1124,0.2129,0.0026,0.0549,0.0164,0.0041,0.0256,0.3891,0.8706,0.9652,1.2617,0.0052,0.1157,0.0024,0.017,0.0141,0.0537,0.5139,1.3039,0.0291,0.3767,0.8913,1.2352,3.0539,5.6093,7.1759,9.7091,14.3526,0.0078,0.1969
20,0.0301,0.1285,0.124,0.7385,0.0388,0.8758,0.0131,0.0083,0.0417,0.1056,0.0828,0.1081,0.2096,0.0025,0.0527,0.0159,0.004,0.0243,0.3806,0.8507,0.9423,1.2311,0.005,0.1112,0.0023,0.0164,0.0136,0.0514,0.5008,1.2762,0.028,0.3654,0.8725,1.215,2.9964,5.4952,7.0199,9.4794,13.989,0.0076,0.1921
20.08,0.0289,0.1244,0.1198,0.7243,0.0372,0.859,0.0127,0.008,0.0402,0.1025,0.0806,0.1039,0.2064,0.0024,0.0505,0.0155,0.0039,0.0231,0.3722,0.8316,0.9203,1.2014,0.0048,0.1069,0.0022,0.0159,0.0131,0.0493,0.4879,1.2492,0.0271,0.3545,0.854,1.1949,2.9404,5.3845,6.8779,9.2569,13.6388,0.0074,0.1874
20.17,0.0277,0.1205,0.1158,0.7102,0.0356,0.8424,0.0124,0.0077,0.0388,0.0995,0.0784,0.0999,0.203,0.0024,0.0485,0.0151,0.0038,0.022,0.364,0.8132,0.8992,1.1727,0.0046,0.1028,0.0022,0.0153,0.0127,0.0472,0.4754,1.2229,0.0262,0.3439,0.8357,1.1749,2.886,5.2771,6.7587,9.0424,13.3013,0.0072,0.1829
20.25,0.0265,0.1168,0.1119,0.6962,0.0342,0.826,0.0122,0.0074,0.0374,0.0966,0.0763,0.0961,0.1996,0.0023,0.0466,0.0147,0.0037,0.0209,0.3559,0.7954,0.8788,1.145,0.0045,0.0988,0.0021,0.0148,0.0122,0.0453,0.4632,1.1972,0.0253,0.3336,0.8177,1.1552,2.833,5.1728,6.6411,8.8378,12.9759,0.007,0.1784
20.33,0.0254,0.1131,0.1081,0.6824,0.0328,0.8099,0.0119,0.0072,0.0361,0.0937,0.0743,0.0925,0.1962,0.0022,0.0447,0.0144,0.0036,0.0199,0.348,0.7782,0.8592,1.1181,0.0043,0.095,0.0021,0.0144,0.0118,0.0435,0.4512,1.1721,0.0245,0.3237,0.7999,1.1356,2.7813,5.0716,6.5252,8.6423,12.6621,0.0069,0.1741
20.42,0.0244,0.1096,0.1045,0.6687,0.0314,0.7939,0.0116,0.0069,0.0348,0.091,0.0724,0.089,0.1928,0.0021,0.0429,0.014,0.0035,0.019,0.3403,0.7616,0.8434,1.0921,0.0041,0.0913,0.002,0.0139,0.0114,0.0417,0.4395,1.1477,0.0237,0.3141,0.7824,1.1162,2.7308,4.9733,6.4112,8.4549,12.3597,0.0067,0.1698
20.5,0.0234,0.1062,0.1011,0.6552,0.0302,0.7781,0.0113,0.0067,0.0336,0.0884,0.0705,0.0857,0.1893,0.0021,0.0412,0.0137,0.0034,0.0181,0.3327,0.7455,0.8279,1.0675,0.004,0.0878,0.002,0.0135,0.011,0.0401,0.4281,1.1239,0.0229,0.3048,0.7651,1.0969,2.6815,4.8777,6.2991,8.2752,12.0684,0.0066,0.1657
20.58,0.0225,0.1029,0.0977,0.6418,0.0289,0.7626,0.0111,0.0065,0.0325,0.0858,0.0687,0.0825,0.1858,0.002,0.0395,0.0133,0.0034,0.0172,0.3252,0.7298,0.8124,1.044,0.0038,0.0844,0.0019,0.013,0.0107,0.0385,0.417,1.1006,0.0222,0.2958,0.7482,1.0779,2.6333,4.7848,6.1889,8.1023,11.7876,0.0064,0.1617
20.67,0.0216,0.0997,0.0945,0.6286,0.0278,0.7472,0.0108,0.0063,0.0314,0.0833,0.0669,0.0794,0.1823,0.0019,0.0379,0.013,0.0033,0.0164,0.3179,0.7146,0.7969,1.0216,0.0037,0.0812,0.0019,0.0126,0.0103,0.037,0.4062,1.078,0.0215,0.2871,0.7315,1.0591,2.5861,4.6945,6.0809,7.9359,11.5169,0.0063,0.1577
20.75,0.0207,0.0966,0.0914,0.6156,0.0267,0.7321,0.0106,0.0061,0.0303,0.0809,0.0652,0.0765,0.1789,0.0019,0.0364,0.0127,0.0032,0.0156,0.3108,0.6998,0.7817,1,0.0036,0.0781,0.0018,0.0123,0.01,0.0356,0.3956,1.0558,0.0208,0.2786,0.715,1.0406,2.54,4.6067,5.9749,7.7755,11.2559,0.0061,0.1539
20.83,0.0199,0.0936,0.0885,0.6028,0.0256,0.7172,0.0104,0.0059,0.0293,0.0785,0.0636,0.0737,0.1754,0.0018,0.035,0.0124,0.0031,0.0149,0.3038,0.6853,0.7666,0.9791,0.0035,0.0751,0.0018,0.0119,0.0097,0.0343,0.3853,1.0342,0.0202,0.2704,0.6989,1.0222,2.4948,4.5214,5.871,7.6205,11.0042,0.006,0.1501
20.92,0.0191,0.0907,0.0856,0.5901,0.0246,0.7025,0.0102,0.0057,0.0283,0.0762,0.062,0.0711,0.1719,0.0018,0.0336,0.0121,0.003,0.0142,0.297,0.6712,0.7518,0.959,0.0034,0.0722,0.0017,0.0115,0.0094,0.033,0.3752,1.0131,0.0196,0.2625,0.683,1.0041,2.4505,4.4383,5.7692,7.4708,10.7614,0.0058,0.1465
21,0.0184,0.088,0.0828,0.5776,0.0236,0.688,0.0099,0.0055,0.0274,0.074,0.0605,0.0685,0.1685,0.0017,0.0322,0.0118,0.003,0.0136,0.2902,0.6575,0.7373,0.9394,0.0032,0.0694,0.0017,0.0112,0.0091,0.0318,0.3654,0.9926,0.019,0.2549,0.6675,0.9862,2.4072,4.3575,5.6696,7.3259,10.527,0.0057,0.1429
21.08,0.0177,0.0853,0.0802,0.5653,0.0227,0.6737,0.0097,0.0054,0.0265,0.0719,0.059,0.0661,0.165,0.0017,0.031,0.0115,0.0029,0.013,0.2837,0.6441,0.723,0.9204,0.0031,0.0668,0.0017,0.0109,0.0088,0.0307,0.3559,0.9725,0.0185,0.2474,0.6522,0.9685,2.3647,4.2789,5.572,7.1856,10.3006,0.0056,0.1395
21.17,0.017,0.0826,0.0776,0.5531,0.0218,0.6596,0.0095,0.0052,0.0256,0.0698,0.0576,0.0637,0.1616,0.0016,0.0297,0.0113,0.0028,0.0124,0.2772,0.631,0.709,0.902,0.003,0.0643,0.0016,0.0106,0.0085,0.0296,0.3465,0.9528,0.0179,0.2402,0.6371,0.9511,2.323,4.2023,5.4765,7.0495,10.0819,0.0055,0.1361
21.25,0.0164,0.0801,0.0751,0.5412,0.0209,0.6458,0.0093,0.0051,0.0248,0.0678,0.0562,0.0615,0.1583,0.0016,0.0285,0.011,0.0028,0.0119,0.271,0.6181,0.6953,0.884,0.0029,0.0618,0.0016,0.0103,0.0083,0.0286,0.3374,0.9337,0.0174,0.2333,0.6224,0.9339,2.2822,4.1276,5.3831,6.9176,9.8705,0.0054,0.1328
21.33,0.0158,0.0777,0.0727,0.5294,0.0201,0.6322,0.0091,0.0049,0.024,0.0658,0.0548,0.0593,0.1549,0.0015,0.0274,0.0108,0.0027,0.0113,0.2648,0.6056,0.6819,0.8665,0.0029,0.0595,0.0015,0.01,0.008,0.0276,0.3286,0.915,0.0169,0.2265,0.6079,0.917,2.2421,4.0548,5.2917,6.7894,9.666,0.0052,0.1295
21.42,0.0152,0.0753,0.0705,0.5179,0.0194,0.6188,0.0089,0.0048,0.0232,0.0639,0.0535,0.0573,0.1516,0.0015,0.0263,0.0105,0.0026,0.0109,0.2588,0.5933,0.6687,0.8495,0.0028,0.0572,0.0015,0.0097,0.0078,0.0266,0.3199,0.8968,0.0165,0.22,0.5938,0.9003,2.2029,3.9838,5.2023,6.665,9.4681,0.0051,0.1264
21.5,0.0146,0.073,0.0682,0.5065,0.0186,0.6056,0.0088,0.0046,0.0225,0.0621,0.0523,0.0553,0.1484,0.0014,0.0253,0.0103,0.0026,0.0104,0.2529,0.5813,0.6558,0.8329,0.0027,0.0551,0.0015,0.0095,0.0076,0.0257,0.3115,0.8789,0.016,0.2137,0.5799,0.8839,2.1643,3.9145,5.1149,6.544,9.2764,0.005,0.1233
21.58,0.0141,0.0708,0.0661,0.4953,0.0179,0.5927,0.0086,0.0045,0.0218,0.0603,0.0511,0.0534,0.1451,0.0014,0.0243,0.0101,0.0025,0.01,0.2471,0.5696,0.6432,0.8167,0.0026,0.053,0.0014,0.0092,0.0074,0.0249,0.3033,0.8615,0.0156,0.2076,0.5662,0.8677,2.1266,3.8469,5.0294,6.4263,9.0908,0.0049,0.1203
21.67,0.0136,0.0687,0.0641,0.4844,0.0172,0.5799,0.0084,0.0044,0.0211,0.0585,0.0499,0.0516,0.1419,0.0014,0.0233,0.0099,0.0025,0.0095,0.2415,0.5581,0.6309,0.8008,0.0025,0.051,0.0014,0.009,0.0072,0.0241,0.2953,0.8445,0.0152,0.2016,0.5529,0.8518,2.0895,3.7809,4.9457,6.3118,8.9109,0.0048,0.1174
21.75,0.0131,0.0666,0.0621,0.4736,0.0166,0.5674,0.0082,0.0043,0.0205,0.0568,0.0488,0.0499,0.1388,0.0013,0.0224,0.0097,0.0024,0.0091,0.2359,0.55,0.6187,0.7854,0.0025,0.0491,0.0014,0.0088,0.007,0.0233,0.2875,0.8279,0.0148,0.1959,0.5398,0.8361,2.0531,3.7164,4.8639,6.2003,8.7365,0.0047,0.1146
21.83,0.0126,0.0646,0.0602,0.463,0.016,0.5551,0.0081,0.0041,0.0199,0.0552,0.0476,0.0482,0.1357,0.0013,0.0215,0.0094,0.0024,0.0088,0.2305,0.5447,0.6074,0.7702,0.0024,0.0473,0.0013,0.0085,0.0068,0.0226,0.28,0.8117,0.0144,0.1903,0.527,0.8207,2.0175,3.6533,4.7839,6.0918,8.5672,0.0046,0.1118
21.92,0.0122,0.0626,0.0583,0.4526,0.0154,0.543,0.0079,0.004,0.0193,0.0536,0.0466,0.0466,0.1326,0.0013,0.0207,0.0092,0.0023,0.0084,0.2253,0.5392,0.5973,0.7555,0.0023,0.0455,0.0013,0.0083,0.0066,0.0219,0.2726,0.7959,0.014,0.1849,0.5145,0.8055,1.9825,3.5917,4.7056,5.986,8.403,0.0045,0.1091
22,0.0117,0.0608,0.0566,0.4424,0.0148,0.5312,0.0078,0.0039,0.0187,0.0521,0.0455,0.0451,0.1296,0.0012,0.0199,0.0091,0.0023,0.0081,0.2201,0.5335,0.5881,0.7413,0.0023,0.0438,0.0013,0.0081,0.0064,0.0212,0.2654,0.7804,0.0137,0.1797,0.5022,0.7905,1.9481,3.5314,4.6291,5.8829,8.2435,0.0044,0.1064
22.08,0.0113,0.059,0.0549,0.4323,0.0143,0.5195,0.0076,0.0038,0.0181,0.0506,0.0445,0.0436,0.1267,0.0012,0.0191,0.0089,0.0022,0.0078,0.2151,0.5277,0.5795,0.7277,0.0022,0.0422,0.0013,0.0079,0.0062,0.0205,0.2584,0.7653,0.0133,0.1747,0.4902,0.7759,1.9144,3.4724,4.5542,5.7823,8.0885,0.0043,0.1039
22.17,0.0109,0.0572,0.0532,0.4225,0.0137,0.5081,0.0075,0.0037,0.0176,0.0491,0.0436,0.0422,0.1238,0.0012,0.0184,0.0087,0.0022,0.0074,0.2101,0.5218,0.5715,0.7147,0.0021,0.0406,0.0012,0.0077,0.0061,0.0199,0.2515,0.7505,0.013,0.1698,0.4784,0.7614,1.8814,3.4147,4.4808,5.6842,7.9378,0.0043,0.1013
22.25,0.0106,0.0555,0.0516,0.4129,0.0132,0.4969,0.0073,0.0036,0.0171,0.0477,0.0426,0.0409,0.1209,0.0012,0.0176,0.0085,0.0021,0.0072,0.2053,0.5157,0.5638,0.7022,0.0021,0.0391,0.0012,0.0075,0.0059,0.0193,0.2449,0.7361,0.0127,0.165,0.4669,0.7472,1.8489,3.3583,4.4091,5.5886,7.7914,0.0042,0.0989
22.33,0.0102,0.0539,0.0501,0.4034,0.0128,0.4859,0.0072,0.0036,0.0166,0.0464,0.0417,0.0396,0.1181,0.0011,0.017,0.0083,0.0021,0.0069,0.2006,0.5095,0.5565,0.6903,0.002,0.0377,0.0012,0.0074,0.0058,0.0188,0.2384,0.722,0.0124,0.1604,0.4556,0.7333,1.8171,3.3031,4.3389,5.4952,7.6489,0.0041,0.0965
22.42,0.0099,0.0523,0.0486,0.3941,0.0123,0.4751,0.0071,0.0035,0.0161,0.0451,0.0408,0.0383,0.1153,0.0011,0.0163,0.0082,0.002,0.0066,0.196,0.5032,0.5494,0.6789,0.002,0.0363,0.0012,0.0072,0.0056,0.0182,0.2321,0.7082,0.0121,0.156,0.4446,0.7196,1.7859,3.2492,4.2701,5.404,7.5102,0.004,0.0942
22.5,0.0096,0.0507,0.0472,0.385,0.0119,0.4645,0.0069,0.0034,0.0157,0.0438,0.0399,0.0371,0.1126,0.0011,0.0157,0.008,0.002,0.0064,0.1915,0.4969,0.5424,0.668,0.0019,0.035,0.0011,0.007,0.0055,0.0177,0.226,0.6948,0.0118,0.1517,0.4339,0.7061,1.7552,3.1964,4.2029,5.315,7.3753,0.0039,0.0919
22.58,0.0092,0.0492,0.0458,0.3761,0.0115,0.4541,0.0068,0.0033,0.0152,0.0425,0.0391,0.036,0.11,0.0011,0.0151,0.0079,0.002,0.0061,0.1871,0.4904,0.5356,0.6575,0.0019,0.0337,0.0011,0.0069,0.0054,0.0172,0.22,0.6816,0.0115,0.1475,0.4233,0.6929,1.7252,3.1448,4.137,5.228,7.2438,0.0039,0.0897
22.67,0.0089,0.0478,0.0445,0.3674,0.0111,0.444,0.0067,0.0032,0.0148,0.0413,0.0383,0.0349,0.1073,0.001,0.0145,0.0077,0.0019,0.0059,0.1828,0.4839,0.5288,0.6475,0.0018,0.0324,0.0011,0.0067,0.0052,0.0167,0.2142,0.6687,0.0113,0.1434,0.4131,0.6799,1.6957,3.0944,4.0725,5.143,7.1157,0.0038,0.0875
22.75,0.0087,0.0464,0.0432,0.3589,0.0107,0.434,0.0066,0.0032,0.0144,0.0402,0.0375,0.0338,0.1048,0.001,0.0139,0.0076,0.0019,0.0057,0.1786,0.4773,0.5222,0.6377,0.0018,0.0313,0.0011,0.0066,0.0051,0.0163,0.2085,0.6609,0.011,0.1395,0.403,0.6672,1.6664,3.045,4.0093,5.06,6.9909,0.0037,0.0854
22.83,0.0084,0.0451,0.042,0.3505,0.0103,0.4242,0.0064,0.0031,0.014,0.039,0.0367,0.0328,0.1023,0.001,0.0134,0.0074,0.0018,0.0055,0.1745,0.4707,0.5155,0.6283,0.0018,0.0301,0.001,0.0064,0.005,0.0158,0.203,0.6549,0.0108,0.1357,0.3932,0.6547,1.6382,2.9968,3.9475,4.9788,6.8693,0.0037,0.0834
22.92,0.0081,0.0437,0.0408,0.3423,0.01,0.4219,0.0063,0.003,0.0136,0.0379,0.036,0.0318,0.0998,0.001,0.0129,0.0073,0.0018,0.0053,0.1705,0.464,0.5089,0.6192,0.0017,0.029,0.001,0.0063,0.0049,0.0154,0.1976,0.6489,0.0105,0.132,0.3836,0.6424,1.611,2.9495,3.887,4.8995,6.7502,0.0036,0.0814
23,0.0079,0.0425,0.0396,0.3343,0.0096,0.4197,0.0062,0.0029,0.0133,0.0369,0.0352,0.0309,0.0974,0.0009,0.0124,0.0071,0.0018,0.0051,0.1665,0.4573,0.5024,0.6103,0.0017,0.028,0.001,0.0061,0.0048,0.015,0.1924,0.6429,0.0103,0.1285,0.3742,0.6303,1.5847,2.9033,3.8277,4.8219,6.6348,0.0035,0.0794
23.08,0.0076,0.0413,0.0385,0.3264,0.0093,0.4173,0.0061,0.0029,0.0129,0.0358,0.0345,0.03,0.0951,0.0009,0.0119,0.007,0.0017,0.005,0.1627,0.4506,0.4958,0.6017,0.0016,0.027,0.001,0.006,0.0047,0.0146,0.1873,0.6368,0.0101,0.125,0.3651,0.6185,1.5594,2.8581,3.7696,4.746,6.5228,0.0035,0.0775
23.17,0.0074,0.0401,0.0375,0.3187,0.009,0.4146,0.006,0.0028,0.0126,0.0348,0.0339,0.0291,0.0928,0.0009,0.0115,0.0069,0.0017,0.0048,0.159,0.4438,0.4892,0.5932,0.0016,0.026,0.001,0.0059,0.0045,0.0143,0.1824,0.6307,0.0099,0.1217,0.3561,0.6069,1.5349,2.814,3.7127,4.6717,6.414,0.0034,0.0756
23.25,0.0072,0.0389,0.0364,0.3112,0.0087,0.4117,0.0059,0.0028,0.0123,0.0338,0.0332,0.0283,0.0905,0.0009,0.011,0.0067,0.0017,0.0046,0.1553,0.4371,0.4827,0.585,0.0016,0.0251,0.0009,0.0058,0.0044,0.0139,0.1776,0.6246,0.0097,0.1184,0.3474,0.5955,1.5112,2.771,3.657,4.5991,6.3083,0.0033,0.0738
23.33,0.007,0.0378,0.0354,0.3038,0.0084,0.4085,0.0058,0.0027,0.012,0.0329,0.0325,0.0275,0.0883,0.0009,0.0106,0.0066,0.0016,0.0045,0.1518,0.4304,0.4761,0.5768,0.0015,0.0242,0.0009,0.0057,0.0043,0.0136,0.1729,0.6185,0.0094,0.1153,0.3389,0.5843,1.4881,2.7289,3.6024,4.528,6.2054,0.0033,0.0721
23.42,0.0068,0.0367,0.0345,0.2966,0.0081,0.4051,0.0057,0.0026,0.0117,0.032,0.0319,0.0267,0.0862,0.0009,0.0102,0.0065,0.0016,0.0043,0.1483,0.4236,0.4696,0.5689,0.0015,0.0234,0.0009,0.0055,0.0043,0.0132,0.1683,0.6124,0.0093,0.1122,0.3306,0.5734,1.4657,2.6878,3.549,4.4584,6.1053,0.0032,0.0703
23.5,0.0066,0.0357,0.0335,0.2896,0.0079,0.4015,0.0056,0.0026,0.0114,0.0311,0.0313,0.026,0.0841,0.0008,0.0098,0.0064,0.0016,0.0042,0.1449,0.4169,0.463,0.561,0.0015,0.0225,0.0009,0.0054,0.0042,0.0129,0.1639,0.6063,0.0091,0.1093,0.3224,0.5626,1.4439,2.6477,3.4967,4.3903,6.0077,0.0032,0.0687
23.58,0.0064,0.0347,0.0326,0.2827,0.0076,0.3977,0.0055,0.0025,0.0111,0.0302,0.0307,0.0253,0.082,0.0008,0.0095,0.0063,0.0016,0.0041,0.1415,0.4102,0.4565,0.5532,0.0014,0.0217,0.0009,0.0053,0.0041,0.0126,0.1596,0.6001,0.0089,0.1064,0.3145,0.5521,1.4226,2.6085,3.4454,4.3236,5.9126,0.0031,0.067
23.67,0.0062,0.0337,0.0318,0.276,0.0074,0.3938,0.0054,0.0025,0.0108,0.0294,0.0301,0.0246,0.08,0.0008,0.0091,0.0062,0.0015,0.0039,0.1383,0.4036,0.45,0.5456,0.0014,0.021,0.0009,0.0052,0.004,0.0123,0.1554,0.594,0.0087,0.1036,0.3068,0.5417,1.4019,2.5702,3.3952,4.2584,5.8198,0.0031,0.0654
23.75,0.006,0.0328,0.0309,0.2694,0.0071,0.3897,0.0053,0.0024,0.0105,0.0285,0.0296,0.0239,0.0781,0.0008,0.0088,0.006,0.0015,0.0038,0.1351,0.3969,0.4435,0.538,0.0014,0.0202,0.0008,0.0051,0.0039,0.012,0.1513,0.5879,0.0085,0.1009,0.2992,0.5316,1.3817,2.5328,3.346,4.1944,5.7292,0.003,0.0639
23.83,0.0059,0.0319,0.0301,0.263,0.0069,0.3854,0.0052,0.0024,0.0103,0.0278,0.029,0.0233,0.0761,0.0008,0.0085,0.0059,0.0015,0.0037,0.132,0.3903,0.437,0.5305,0.0014,0.0195,0.0008,0.005,0.0038,0.0117,0.1473,0.5818,0.0084,0.0983,0.2919,0.5216,1.3619,2.4963,3.2979,4.1319,5.6408,0.003,0.0623
23.92,0.0057,0.031,0.0293,0.2567,0.0067,0.3811,0.0051,0.0023,0.01,0.027,0.0285,0.0227,0.0743,0.0008,0.0081,0.0058,0.0014,0.0036,0.129,0.3837,0.4306,0.5231,0.0013,0.0189,0.0008,0.0049,0.0037,0.0115,0.1434,0.5757,0.0082,0.0958,0.2847,0.5119,1.3425,2.4606,3.2507,4.0706,5.5543,0.0029,0.0608
24,0.0055,0.0301,0.0286,0.2505,0.0065,0.3766,0.0051,0.0023,0.0098,0.0262,0.0279,0.0221,0.0724,0.0007,0.0078,0.0057,0.0014,0.0035,0.126,0.3772,0.4241,0.5158,0.0013,0.0182,0.0008,0.0048,0.0037,0.0112,0.1396,0.5695,0.008,0.0933,0.2777,0.5023,1.3235,2.4256,3.2045,4.0105,5.4698,0.0029,0.0594
24.08,0.0054,0.0293,0.0278,0.2445,0.0063,0.372,0.005,0.0022,0.0096,0.0255,0.0274,0.0215,0.0707,0.0007,0.0076,0.0056,0.0014,0.0034,0.1231,0.3707,0.4177,0.5085,0.0013,0.0176,0.0008,0.0047,0.0036,0.011,0.136,0.5635,0.0079,0.0909,0.2708,0.493,1.305,2.3914,3.1593,3.9517,5.3872,0.0028,0.058
24.17,0.0053,0.0285,0.0271,0.2387,0.0061,0.3674,0.0049,0.0022,0.0094,0.0248,0.0269,0.0209,0.0689,0.0007,0.0073,0.0055,0.0014,0.0033,0.1203,0.3643,0.4113,0.5013,0.0013,0.017,0.0008,0.0046,0.0035,0.0107,0.1324,0.5574,0.0077,0.0886,0.2642,0.4838,1.2867,2.358,3.115,3.8941,5.3064,0.0028,0.0566
24.25,0.0051,0.0277,0.0264,0.2329,0.0059,0.3626,0.0048,0.0022,0.0091,0.0241,0.0265,0.0204,0.0672,0.0007,0.007,0.0054,0.0013,0.0032,0.1176,0.3579,0.405,0.4941,0.0012,0.0164,0.0008,0.0046,0.0035,0.0105,0.1289,0.5513,0.0076,0.0864,0.2577,0.4748,1.2689,2.3252,3.0715,3.8377,5.2272,0.0027,0.0553
24.33,0.005,0.0269,0.0258,0.2273,0.0058,0.3578,0.0047,0.0021,0.0089,0.0235,0.026,0.0199,0.0656,0.0007,0.0068,0.0054,0.0013,0.0031,0.1149,0.3516,0.3987,0.487,0.0012,0.0159,0.0007,0.0045,0.0034,0.0103,0.1255,0.5453,0.0074,0.0842,0.2513,0.466,1.2513,2.2932,3.029,3.7824,5.1498,0.0027,0.054
24.42,0.0049,0.0262,0.0251,0.2219,0.0056,0.353,0.0047,0.0021,0.0087,0.0228,0.0255,0.0194,0.064,0.0007,0.0065,0.0053,0.0013,0.003,0.1123,0.3454,0.3924,0.48,0.0012,0.0153,0.0007,0.0044,0.0033,0.01,0.1222,0.5392,0.0073,0.0821,0.2452,0.4573,1.2341,2.2617,2.9874,3.7282,5.0739,0.0026,0.0527
24.5,0.0047,0.0255,0.0245,0.2165,0.0054,0.3481,0.0046,0.002,0.0085,0.0222,0.0251,0.0189,0.0624,0.0007,0.0063,0.0052,0.0013,0.0029,0.1097,0.3392,0.3862,0.473,0.0012,0.0148,0.0007,0.0043,0.0033,0.0098,0.119,0.5332,0.0072,0.0801,0.2391,0.4489,1.2172,2.2309,2.9465,3.6751,4.9996,0.0026,0.0514
24.58,0.0046,0.0248,0.0239,0.2113,0.0053,0.3431,0.0045,0.002,0.0083,0.0216,0.0246,0.0185,0.0608,0.0007,0.0061,0.0051,0.0013,0.0029,0.1072,0.333,0.38,0.4661,0.0011,0.0143,0.0007,0.0042,0.0032,0.0096,0.1159,0.5273,0.007,0.0781,0.2333,0.4406,1.2006,2.2007,2.9065,3.6231,4.9268,0.0025,0.0502
24.67,0.0045,0.0242,0.0233,0.2062,0.0051,0.3382,0.0045,0.002,0.0082,0.021,0.0242,0.018,0.0593,0.0006,0.0058,0.005,0.0012,0.0028,0.1048,0.327,0.3739,0.4592,0.0011,0.0138,0.0007,0.0042,0.0031,0.0094,0.1129,0.5213,0.0069,0.0761,0.2275,0.4325,1.1842,2.1711,2.8673,3.5721,4.8554,0.0025,0.049
24.75,0.0044,0.0235,0.0227,0.2012,0.005,0.3332,0.0044,0.0019,0.008,0.0205,0.0238,0.0176,0.0579,0.0006,0.0056,0.0049,0.0012,0.0027,0.1024,0.321,0.3679,0.4524,0.0011,0.0134,0.0007,0.0041,0.0031,0.0092,0.11,0.5154,0.0068,0.0743,0.222,0.4245,1.1682,2.1421,2.8289,3.5221,4.7854,0.0025,0.0479
