Alpha:,1,Beta:,10,m:,0.6
SubCat,3,32,4,5,6,7,38,37,10,11,15,39,19,40,18,34,41,35,20,17,16,13,23,24,26,28,29,27,25,22,30,36,31,21,14,12,9,8,1,33,2
Frac Urbanized,0,0,0,0,0,0,0,0,0,0,0,0,0,0,0,0,0,0,0,0,0,0,0,0,0,0,0,0,0,0,0,0,0,0,0,0,0,0,0,0,0
Area,0.87,1.539,2.011,0.736,0.967,0.484,0.185,0.259,1.25,1.468,1.085,1.183,0.742,0.429,0.558,0.661,0.43,0.902,1.7,0.815,0.687,1.356,0.557,1.069,0.308,0.878,0.885,0.176,0.892,1.899,0.546,2.956,1.672,3.108,1.891,1.197,1.191,1.399,1.871,0.208,1.767
Time (hours),Q_3,Q_32,Q_4,Q_5,Q_6,Q_7,Q_38,Q_37,Q_10,Q_11,Q_15,Q_39,Q_19,Q_40,Q_18,Q_34,Q_41,Q_35,Q_20,Q_17,Q_16,Q_13,Q_23,Q_24,Q_26,Q_28,Q_29,Q_27,Q_25,Q_22,Q_30,Q_36,Q_31,Q_21,Q_14,Q_12,Q_9,Q_8,Q_1,Q_33,Q_2
0,0,0,0,0,0,0,0,0,0,0,0,0,0,0,0,0,0,0,0,0,0,0,0,0,0,0,0,0,0,0,0,0,0,0,0,0,0,0,0,0,0
0.08,0,0,0,0,0,0,0,0,0,0,0,0,0,0,0,0,0,0,0,0,0,0,0,0,0,0,0,0,0,0,0,0,0,0,0,0,0,0,0,0,0
0.17,0.0003,0.0002,0,0,0.0008,0,0,0,0.0001,0.0009,0,0,0,0.0018,0.0009,0.0002,0.0004,0.0006,0,0,0.0002,0,0.0022,0.0001,0.0037,0.0003,0,0.0006,0,0,0,0,0,0.0001,0.0001,0,0,0,0,0.0002,0
0.25,0.0133,0.0152,0.0008,0,0.03,0,0,0,0.0056,0.0435,0,0.001,0,0.0313,0.0263,0.012,0.0111,0.0206,0,0,0.0108,0,0.0485,0.0061,0.0736,0.0136,0,0.0109,0,0,0.0023,0.0004,0,0.0061,0.0074,0,0,0,0,0.0077,0
0.33,0.1076,0.1471,0.0143,0,0.2014,0,0,0,0.0862,0.3354,0,0.0134,0.0381,0.1485,0.1583,0.106,0.0726,0.1338,0,0,0.1083,0.3877,0.2636,0.0493,0.3694,0.1077,0,0.0559,0,0,0.0217,0.0062,0,0.0983,0.0802,0,0,0,0.0001,0.0539,0
0.42,0.3551,0.5426,0.0922,0,0.5704,0,0,0,0.4984,1.0387,0,0.0636,0.3795,0.324,0.4196,0.3738,0.2078,0.3726,0,0,0.4141,1.4693,0.6317,0.1637,0.7925,0.3555,0.9586,0.0994,0,0.0598,0.0837,0.0451,0,0.5525,0.3145,0,0,0.0002,0.001,0.1616,0
0.5,0.6994,1.1454,0.3089,0,1.0081,0,0,0,1.4334,1.9095,0.6675,0.1675,0.8094,0.5029,0.7313,0.7624,0.3845,0.6588,0,0,0.8852,2.6892,1.0144,0.3274,1.1335,0.7096,1.9217,0.4291,0,0.2374,0.1889,0.1785,0,1.6512,0.7283,0,0,0.0008,0.0046,0.3008,0
0.58,1.0842,1.8337,0.6934,0.0025,1.4504,0,0,0,2.6658,2.7704,1.9011,0.3186,1.2448,0.6718,1.063,1.1907,0.5803,0.9577,0.0374,0.1864,1.4035,3.9939,1.3604,0.5204,1.3527,1.1187,2.688,1.2043,0.0211,0.5234,0.3274,0.465,0.0156,3.3191,1.3507,0,0,0.0028,0.0152,0.4456,0.641
0.67,1.4482,2.5019,1.2065,0.239,1.8272,0,0,0,3.745,3.5477,3.0883,0.5048,1.6442,0.7987,1.3883,1.5752,0.7588,1.2254,0.4499,0.5759,1.9764,5.3821,1.5988,0.7197,1.4148,1.5128,3.1758,2.3336,0.1368,0.9019,0.4832,0.9083,0.0884,4.9252,2.2654,0,0,0.0076,0.0406,0.5635,1.823
0.75,1.7321,3.0389,1.7878,0.6993,2.0889,0.3738,0,0,4.463,4.0672,3.8908,0.7048,1.9715,0.8816,1.6567,1.8432,0.8955,1.429,1.2756,1.2048,2.5191,6.7244,1.7207,0.8982,1.3702,1.825,3.3737,3.5212,0.36,1.3382,0.6326,1.4658,0.2772,6.3047,3.4264,0,0,0.0179,0.0519,0.6365,2.9188
0.83,1.9362,3.4256,2.3683,1.3974,2.2589,1.1543,0,0,4.8184,4.3286,4.269,0.9007,2.2339,0.9348,1.8479,2.0005,0.9935,1.58,2.2189,2.1265,3.0585,7.9149,1.7662,1.0527,1.2855,2.0519,3.3902,4.4979,0.7142,1.7977,0.7653,2.0873,0.6267,7.3898,4.7686,0,0.2617,0.0088,0.0704,0.6734,3.8126
0.92,2.0915,3.712,2.9056,2.3141,2.3867,2.0949,0,0.1819,4.8882,4.4689,4.3716,1.0901,2.4607,0.9835,2.007,2.092,1.0717,1.7077,3.1646,3.315,3.7369,8.9621,1.7929,1.1941,1.2208,2.2249,3.3449,5.1958,1.1941,2.2816,0.8842,2.7246,1.1481,8.2491,6.2566,0,0.8674,0,0.1233,0.6936,4.4844
1,2.2319,3.9608,3.3992,3.4163,2.5107,3.1816,0,0.3632,4.8164,4.5945,4.3214,1.2794,2.6826,1.0351,2.1605,2.1631,1.143,1.8356,4.065,4.7205,4.6595,9.9546,1.8238,1.3368,1.1836,2.3777,3.3141,5.6707,1.7834,2.8155,0.9975,3.3539,1.8225,9.012,7.8846,0,1.5633,0,0.2549,0.7102,4.9699
1.08,2.3622,4.1912,3.8608,4.663,2.6322,4.4098,0,0.5086,4.7305,4.7182,4.2115,1.4726,2.9067,1.0886,2.3085,2.2236,1.2082,1.9635,4.9009,6.4563,5.8572,10.9574,1.8581,1.4822,1.1656,2.5149,3.2998,6.0027,2.4556,3.4249,1.1066,3.9725,2.6248,9.7801,9.6406,0,2.3096,0.0115,0.4914,0.7244,5.3349
1.17,2.5169,4.4521,4.3183,6.0203,2.7998,5.7791,0,0.6328,4.7288,4.9219,4.1374,1.6785,3.1578,1.1768,2.5001,2.3089,1.2929,2.1264,5.6775,8.3436,7.4339,12.0978,1.9504,1.6477,1.2136,2.6768,3.367,6.3166,3.1886,4.1391,1.222,4.6013,3.5287,10.6485,11.5692,0,3.0831,0.1007,0.8557,0.7534,5.6559
1.25,2.7394,4.8218,4.8073,7.5,3.0577,7.3111,0.0059,0.7565,4.8685,5.2995,4.1618,1.9163,3.4736,1.3026,2.762,2.4631,1.4113,2.3555,6.4326,10.1955,9.345,13.5668,2.1125,1.8597,1.3213,2.9068,3.569,6.7072,3.9995,5.0202,1.3623,5.2721,4.5213,11.717,13.8032,0,3.89,0.2589,1.5051,0.8068,6.0056
1.33,3.0135,5.2926,5.3606,9.1231,3.3749,9.0358,0.2298,0.8882,5.1692,5.7889,4.2962,2.1971,3.8512,1.4485,3.0661,2.6673,1.5515,2.6309,7.2148,12.0632,11.4583,15.4073,2.3103,2.1137,1.4516,3.1857,3.8474,7.2074,4.9034,6.1223,1.5261,6.01,5.6066,13.0604,16.4231,0,4.765,0.4998,2.2982,0.8741,6.42
1.42,3.2793,5.7695,5.9668,10.8852,3.667,10.9562,0.4128,1.0098,5.5647,6.2359,4.5038,2.5033,4.2519,1.5653,3.3395,2.8615,1.6759,2.8924,8.05,13.9715,13.62,17.4989,2.4601,2.3785,1.5252,3.4492,4.0856,7.7294,5.9587,7.427,1.6933,6.821,6.7905,14.6158,19.372,0,5.7467,0.8571,3.2948,0.93,6.8992
1.5,3.4763,6.1394,6.5604,13.0005,3.8699,13.0736,0.5462,1.0996,5.9031,6.5112,4.741,2.8035,4.628,1.6453,3.5448,2.9855,1.7638,3.0943,8.9236,15.8723,15.7072,19.6605,2.5393,2.616,1.5396,3.6386,4.2036,8.1746,7.1472,8.8773,1.8373,7.6663,8.0693,16.234,23.0711,0,6.9825,1.3951,4.5178,0.9608,7.3988
1.58,3.6129,6.3945,7.0811,14.8842,4.0053,15.3256,0.6389,1.1526,6.0956,6.6562,4.9583,3.0776,4.9733,1.7009,3.7001,3.0509,1.8238,3.2492,9.8014,17.6921,17.7008,21.8248,2.5745,2.8248,1.5257,3.766,4.2414,8.4958,8.2412,10.5955,1.9547,8.4847,9.4211,17.8035,26.6636,0,8.3296,2.05,5.9964,0.9747,7.8483
1.67,3.7132,6.5771,7.5071,16.5155,4.106,17.5432,0.7037,1.1821,6.1448,6.7381,5.1097,3.3273,5.2975,1.7481,3.8297,3.0858,1.8692,3.3782,10.6462,19.3858,19.6032,23.9852,2.5962,3.0141,1.5123,3.8571,4.2483,8.7144,9.2245,12.4788,2.0523,9.2263,11.0451,19.3193,30.2296,0.4204,9.5791,2.8387,7.7426,0.9818,8.2043
1.75,3.7981,6.7265,7.8587,17.9086,4.1948,19.6155,0.751,1.2007,6.1306,6.806,5.1826,3.5591,5.6107,1.7916,3.9473,3.1125,1.9078,3.4962,11.4296,20.9501,21.4099,26.1299,2.6162,3.1935,1.5056,3.9328,4.2557,8.8677,10.0988,14.308,2.1378,9.8792,12.5913,20.871,33.8253,1.4167,10.767,3.7414,9.75,0.9879,8.4633
1.83,3.8763,6.8625,8.1602,19.0938,4.2808,21.4846,0.7872,1.2162,6.1123,6.8773,5.2035,3.7782,5.9168,1.8384,4.0605,3.1395,1.9447,3.6094,12.1371,22.4034,23.114,28.2295,2.6435,3.3668,1.513,4.0022,4.2735,8.9956,10.8697,16.0758,2.215,10.4595,13.9739,22.4665,37.4623,2.6265,11.9558,4.7412,11.9889,0.9956,8.6607
1.92,4.1029,7.2041,8.5267,20.2474,4.5909,23.1946,0.8487,1.2681,6.2867,7.2813,5.3077,4.042,6.3148,2.046,4.3761,3.3059,2.092,3.8932,12.7953,23.8571,24.942,30.545,2.9187,3.6314,1.7535,4.2391,4.5622,9.4169,11.6321,17.9354,2.3422,11.0724,15.2322,24.2937,41.5478,3.996,13.1961,5.8317,14.4242,1.073,8.9157
2,4.6746,8.1045,9.1398,21.7878,5.3341,25.0174,0.975,1.4157,6.8938,8.4062,5.6341,4.4602,6.9657,2.4299,5.01,3.7967,2.414,4.5019,13.5423,25.5913,27.2449,33.5953,3.505,4.128,2.23,4.8332,5.353,10.4152,12.6522,20.2738,2.6093,11.8893,16.4901,26.7054,46.87,5.4498,14.6457,7.01,17.0428,1.2618,9.4048
2.08,5.5176,9.5317,10.1626,24.0244,6.3661,27.3045,1.1464,1.6737,8.0712,9.9999,6.2409,5.0942,7.8664,2.9052,5.8409,4.5373,2.8545,5.3349,14.5587,27.881,30.0262,37.4399,4.2526,4.8309,2.781,5.6966,6.4332,12.1254,14.077,23.3368,3.0098,13.0638,17.9032,30.0015,53.6851,7.0551,16.5361,8.2884,19.8838,1.5186,10.2556
2.17,6.4292,11.4165,11.6009,27.0262,7.4053,30.2804,1.3242,1.971,9.6883,11.5976,7.107,5.8837,8.9174,3.3238,6.6696,5.3248,3.2967,6.19,15.9579,30.8676,33.1723,41.7624,4.9013,5.627,3.1617,6.6195,7.4716,14.3465,15.9251,26.9652,3.476,14.7,19.6123,34.0185,61.5821,8.9669,19.0714,9.7057,23.0344,1.7637,11.5154
2.25,7.2114,13.0013,13.2362,30.6149,8.2422,33.9623,1.4756,2.2346,11.244,12.8499,8.1731,6.7262,10.0019,3.6515,7.3877,5.9597,3.6656,6.9188,17.7337,34.4366,36.6016,46.249,5.3601,6.3918,3.357,7.4066,8.2446,16.257,18.0506,30.8642,3.9242,16.7137,21.7206,38.3173,69.9817,11.3147,22.339,11.3305,26.5944,1.9471,13.0799
2.33,7.8412,14.1949,14.8442,34.4314,8.8917,38.1975,1.5992,2.4332,12.4171,13.787,9.2755,7.5463,11.0815,3.9063,8.0046,6.4271,3.9604,7.5252,19.8054,38.3492,40.3293,50.8679,5.6721,7.0983,3.4452,8.0386,8.7924,17.7717,20.2577,34.8243,4.3263,18.8849,24.2545,42.5894,78.5682,14.1443,26.2239,13.2487,30.6549,2.077,14.687
2.42,8.2789,14.9917,16.2497,38.1327,9.3077,42.6989,1.6893,2.5659,13.094,14.3864,10.1694,8.2977,12.1092,4.0505,8.47,6.7087,4.1495,7.9626,22.0268,42.3817,44.2413,55.5561,5.7958,7.7046,3.4043,8.4676,9.0944,18.7993,22.3836,38.7104,4.655,20.9715,27.1427,46.702,87.0809,17.4907,30.5294,15.5289,35.285,2.1419,16.1105
2.5,8.5019,15.371,17.3679,41.3788,9.4876,47.0899,1.7416,2.6319,13.3599,14.6331,10.7384,8.9309,13.0284,4.1122,8.7777,6.7966,4.2374,8.2196,24.1971,46.3178,48.144,60.1271,5.7805,8.172,3.301,8.6756,9.1577,19.3453,24.2528,42.3334,4.8846,22.8021,30.1872,50.5927,95.202,21.3867,35.054,18.2077,40.51,2.1501,17.2201
2.58,8.5824,15.4638,18.1638,43.9889,9.529,51.047,1.7677,2.6441,13.3216,14.6663,11.0123,9.4299,13.8324,4.1264,8.9749,6.7712,4.2623,8.3599,26.1586,49.9925,51.9354,64.5002,5.7022,8.5261,3.1892,8.7406,9.0926,19.5213,25.7879,45.5814,5.0317,24.3017,33.1108,54.2014,102.817,25.814,39.6763,21.2875,46.2686,2.1303,18.0139
2.67,8.4753,15.2403,18.5935,45.839,9.3466,54.3372,1.7587,2.6053,12.9896,14.4051,11.0266,9.7711,14.4682,4.0161,8.9808,6.5998,4.1764,8.3094,27.8262,53.2167,55.3768,68.4824,5.4516,8.7229,2.9587,8.6056,8.823,19.2479,26.9238,48.3292,5.0782,25.3695,35.665,57.3994,109.6432,30.768,44.3299,24.7373,52.4263,2.0543,18.465
2.75,8.1472,14.6169,18.6361,46.7492,8.9272,56.7138,1.7063,2.5066,12.3965,13.779,10.7901,9.9113,14.8659,3.8281,8.7935,6.2501,3.9919,8.0563,29.0996,55.7832,58.2018,71.7855,5.0877,8.7187,2.6841,8.2475,8.322,18.5364,27.5401,50.3563,4.9996,25.941,37.6588,59.9973,115.2433,36.2335,48.9256,28.4946,58.8152,1.9286,18.5455
2.83,7.7253,13.7868,18.3157,46.7401,8.4317,58.0449,1.6326,2.3635,11.6038,13.0054,10.3657,9.8671,15.0546,3.6218,8.5074,5.8426,3.7749,7.7198,29.9156,57.5844,60.3826,74.3934,4.7194,8.5877,2.4387,7.8031,7.7573,17.5612,27.6586,51.6146,4.8431,26.0358,39.0115,61.865,119.5538,42.1066,53.4169,32.4842,65.2503,1.7956,18.3026
2.92,7.2315,12.8328,17.6844,45.9365,7.8582,58.3492,1.5411,2.1975,10.6496,12.1161,9.7913,9.6784,15.0428,3.3678,8.1113,5.3969,3.5159,7.297,30.286,58.5666,61.8243,76.2725,4.304,8.3469,2.1674,7.2846,7.1297,16.3824,27.3448,52.1617,4.6277,25.6594,39.6811,62.9848,122.5273,48.2875,57.7965,36.6303,71.5476,1.6475,17.7598
3,6.6651,11.7428,16.8315,44.4225,7.2138,57.678,1.4311,2.0125,9.6322,11.0978,9.079,9.3581,14.8231,3.0952,7.6241,4.9044,3.2287,6.7983,30.2211,58.7289,62.4277,77.2975,3.8732,7.9961,1.902,6.6959,6.4354,15.0645,26.624,51.9883,4.3552,24.8811,39.6638,63.3556,124.0198,54.6848,62.0472,40.8678,77.539,1.4887,16.9528
3.08,6.1013,10.6375,15.8296,42.3707,6.5882,56.1516,1.3178,1.82,8.6131,10.083,8.2987,8.9424,14.445,2.8372,7.112,4.4299,2.9508,6.2962,29.7507,58.1525,62.2822,77.5133,3.4811,7.5943,1.6761,6.1165,5.7716,13.726,25.5883,51.1767,4.0614,23.8232,39.033,62.9941,124.1398,61.16,66.1973,45.1376,83.0887,1.3414,15.981
3.17,5.5724,9.6177,14.755,39.9876,6.0084,53.9701,1.2087,1.6375,7.633,9.1313,7.5225,8.4815,13.9552,2.5972,6.6015,3.9989,2.6916,5.8157,28.9555,56.943,61.4822,77.0222,3.1306,7.1761,1.4831,5.5758,5.1682,12.4487,24.3479,49.8853,3.7696,22.5726,37.8863,62.0117,123.0854,67.5795,70.2898,49.3961,88.1018,1.209,14.9123
3.25,5.0861,8.8289,13.6883,37.4671,5.4802,51.341,1.1062,1.4711,6.7543,8.2568,6.7736,8.0046,13.3873,2.3799,6.1088,3.6129,2.4553,5.3663,27.9224,55.2399,60.1154,75.9011,2.8231,6.7577,1.321,5.0807,4.6289,11.3915,22.9865,48.2364,3.4889,21.2269,36.344,60.5369,121.0204,73.8322,74.3498,53.6175,92.5295,1.0917,13.8036
3.33,4.6518,8.1077,12.6721,34.9587,5.013,48.4637,1.0132,1.3229,5.9948,7.4784,6.0817,7.5319,12.776,2.1879,5.6496,3.2767,2.2458,4.9586,26.723,53.192,58.3102,74.2474,2.5601,6.3556,1.1884,4.6407,4.1625,10.4438,21.6071,46.3413,3.228,19.8764,34.5519,58.6738,118.1357,79.8169,78.4066,57.7858,96.3762,0.9907,12.7214
3.42,4.2639,7.4556,11.7235,32.5323,4.5962,45.5015,0.9289,1.1927,5.3426,6.7858,5.4701,7.0758,12.1434,2.0138,5.2214,2.9825,2.0577,4.587,25.4278,50.9156,56.1795,72.1594,2.3284,5.9734,1.0731,4.2481,3.7555,9.5546,20.2457,44.2985,2.9877,18.5655,32.6222,56.5181,114.6017,85.4519,82.4694,61.8974,99.6852,0.9019,11.6975
3.5,3.9132,6.8605,10.8482,30.2227,4.2199,42.5621,0.8517,1.0775,4.7834,6.1613,4.934,6.6395,11.5026,1.8565,4.8232,2.72,1.888,4.2459,24.0919,48.503,53.8171,69.7216,2.1231,5.6097,0.9725,3.8938,3.3937,8.7434,18.9191,42.1701,2.7656,17.3176,30.6437,54.1503,110.5552,90.675,86.515,65.9588,102.5173,0.8226,10.7434
3.58,3.6004,6.3237,10.0449,28.0544,3.8856,39.7146,0.7823,0.9755,4.3744,5.6074,4.4666,6.2266,10.8695,1.7166,4.4592,2.4891,1.7374,3.9379,22.7525,46.0316,51.3219,67.0332,1.9445,5.2693,0.887,3.5788,3.0788,8.0151,17.6466,40.0106,2.5629,16.1474,28.6936,51.6432,106.1469,95.4351,90.5067,69.9734,104.9501,0.7534,9.8664
3.67,3.3216,5.8424,9.3102,26.0405,3.5877,37.0048,0.72,0.886,4.0147,5.1173,4.0593,5.8402,10.2542,1.5906,4.1268,2.2858,1.6028,3.6592,21.4376,43.5596,48.7685,64.1832,1.7869,4.9526,0.8123,3.2984,2.8037,7.3642,16.4425,37.8677,2.3787,15.0568,26.8169,49.0685,101.5126,99.6996,94.4102,73.9415,107.0648,0.6922,9.0648
3.75,3.0714,5.4086,8.6419,24.1812,3.3204,34.457,0.6637,0.8071,3.6932,4.6802,3.7011,5.48,9.6621,1.4773,3.8233,2.1051,1.4822,3.4062,20.1657,41.1307,46.2103,61.2396,1.6472,4.6577,0.7468,3.0471,2.561,6.7832,15.3121,35.771,2.211,14.0465,25.0375,46.4858,96.7578,103.4527,98.1652,77.8619,108.935,0.6379,8.3342
3.83,2.8483,5.0198,8.0354,22.4741,3.0826,32.0819,0.6134,0.7377,3.4076,4.2943,3.386,5.146,9.0987,1.3763,3.5489,1.9456,1.3749,3.1782,18.9478,38.7787,43.6958,58.2656,1.5249,4.3853,0.6905,2.8236,2.3495,6.2662,14.2594,33.7443,2.0591,13.1168,23.3696,43.9401,91.9802,106.6897,101.7185,81.7239,110.6267,0.5901,7.673
3.92,2.6506,4.6738,7.4866,20.9152,2.8723,29.8843,0.5689,0.6773,3.155,3.9566,3.111,4.8383,8.5681,1.2868,3.3024,1.8058,1.2801,2.974,17.7925,36.5263,41.2605,55.3163,1.4184,4.1352,0.6426,2.626,2.1671,5.808,13.2862,31.8078,1.9224,12.2646,21.8181,41.4693,87.2644,109.417,105.025,85.5095,112.1952,0.5484,7.0773
4,2.4759,4.3671,6.9927,19.4981,2.6868,27.8635,0.5297,0.6251,2.9339,3.6628,2.8715,4.5563,8.0723,1.2076,3.0819,1.6837,1.1964,2.7915,16.706,34.39,38.928,52.4338,1.3258,3.9066,0.6019,2.4516,2.0106,5.4036,12.3918,29.9745,1.7996,11.4868,20.3837,39.1024,82.6739,111.6513,108.0478,89.1959,113.6845,0.512,6.5426
4.08,2.3227,4.0973,6.5503,18.2155,2.5246,26.0143,0.4955,0.5806,2.743,3.4102,2.6644,4.2992,7.6126,1.1388,2.8868,1.578,1.1233,2.6298,15.6907,32.3812,36.7164,49.6512,1.247,3.6989,0.569,2.2991,1.8785,5.0496,11.5741,28.2529,1.6901,10.781,19.0662,36.8595,78.2596,113.4157,110.7608,92.7574,115.1285,0.4808,6.0664
4.17,2.2171,3.9008,6.1791,17.0931,2.4242,24.3442,0.4745,0.5514,2.6053,3.2614,2.5102,4.0805,7.215,1.1087,2.7595,1.5114,1.0801,2.5217,14.7558,30.5327,34.6995,47.0703,1.2198,3.5344,0.5765,2.1978,1.8218,4.7921,10.8516,26.6945,1.605,10.1674,17.878,34.8116,74.1798,114.7262,113.1624,96.1709,116.5578,0.4661,5.6655
4.25,2.1914,3.8357,5.911,16.1993,2.4211,22.8967,0.4751,0.55,2.5568,3.2968,2.4335,3.9232,6.9185,1.1208,2.7256,1.5135,1.0767,2.4948,13.9286,28.9123,32.9695,44.8449,1.2565,3.4421,0.6301,2.1783,1.8883,4.6676,10.2698,25.3952,1.56,9.6781,16.8438,33.0641,70.6739,115.6048,115.289,99.42,118.0036,0.4745,5.37
4.33,2.2315,3.8939,5.7678,15.5657,2.4922,21.7195,0.4911,0.5795,2.6244,3.4791,2.4437,3.8339,6.7193,1.1613,2.7613,1.5724,1.1031,2.5299,13.2381,27.5757,31.5202,43.0007,1.3379,3.4117,0.714,2.2235,2.0429,4.6849,9.8417,24.4,1.5503,9.3335,15.984,31.694,67.8148,116.115,117.1923,102.4951,119.4979,0.4996,5.2013
4.42,2.2994,4.0141,5.7344,15.1671,2.5843,20.828,0.5112,0.6244,2.8004,3.7071,2.531,3.7904,6.5846,1.1978,2.8131,1.6546,1.1367,2.5825,12.6969,26.5353,30.2986,41.444,1.4185,3.4112,0.7875,2.2941,2.2132,4.7961,9.5455,23.6441,1.5597,9.1341,15.3058,30.6461,65.4634,116.3388,118.9136,105.3931,121.068,0.5279,5.1616
4.5,2.3565,4.1255,5.7581,14.9356,2.6538,20.1922,0.5256,0.6663,3.0185,3.8838,2.6771,3.7643,6.4742,1.2218,2.8487,1.724,1.1633,2.6193,12.2944,25.7372,29.2502,40.0598,1.4776,3.408,0.837,2.3531,2.3386,4.9477,9.3382,23.0269,1.5699,9.0414,14.8032,29.7891,63.4159,116.3442,120.4627,108.1161,122.7297,0.5497,5.2233
4.58,2.3994,4.2101,5.7949,14.8137,2.7023,19.7618,0.5345,0.6963,3.2167,4.0072,2.8468,3.7396,6.377,1.2358,2.8707,1.7764,1.1834,2.6418,12.0089,25.1073,28.3671,38.8244,1.5187,3.3988,0.8669,2.3986,2.4239,5.0981,9.1951,22.4869,1.5772,9.0027,14.4592,29.0257,61.5743,116.1659,121.8078,110.6667,124.4866,0.5656,5.3296
4.67,2.4021,4.232,5.8017,14.7315,2.693,19.4708,0.5321,0.7081,3.3324,4.0218,2.9713,3.7019,6.2666,1.2143,2.8396,1.7897,1.1778,2.6196,11.803,24.5682,27.5776,37.6709,1.5044,3.3625,0.8445,2.4012,2.4248,5.177,9.0826,21.9706,1.5707,8.957,14.2361,28.2786,59.8036,115.8406,122.895,113.039,126.3274,0.5646,5.4143
4.75,2.34,4.1438,5.746,14.5914,2.6052,19.2251,0.5124,0.6931,3.3333,3.8772,2.9984,3.6306,6.1095,1.163,2.7444,1.7403,1.1412,2.5373,11.6176,24.0335,26.7866,36.4778,1.4367,3.278,0.782,2.3375,2.3139,5.1429,8.9435,21.3921,1.5367,8.8559,14.0707,27.4743,57.9181,115.3994,123.6565,115.216,128.2226,0.543,5.4214
4.83,2.236,3.9715,5.6103,14.3447,2.4736,18.9415,0.4823,0.6535,3.2171,3.6379,2.9227,3.5224,5.9126,1.0979,2.6132,1.6504,1.0867,2.4213,11.4011,23.4459,25.9887,35.2328,1.3438,3.1609,0.706,2.2319,2.144,4.996,8.7561,20.7226,1.4817,8.6788,13.8922,26.5682,55.8983,114.8374,124.0546,117.1723,130.1189,0.5105,5.3353
4.92,2.1107,3.7555,5.4024,13.9853,2.3224,18.5747,0.4478,0.6018,3.0096,3.3576,2.7665,3.3902,5.6894,1.0278,2.4642,1.5414,1.0234,2.2896,11.1304,22.774,25.1785,33.9633,1.242,3.026,0.6297,2.1049,1.9526,4.7659,8.5202,19.992,1.4146,8.417,13.6493,25.5862,53.8037,114.1459,124.0848,118.8786,131.9506,0.4734,5.1557
5,1.9773,3.5211,5.1512,13.5253,2.166,18.1073,0.4122,0.5461,2.7633,3.0838,2.5505,3.2445,5.4502,0.9578,2.3089,1.4264,0.9572,2.1532,10.8004,22.0204,24.3398,32.6798,1.1404,2.8831,0.5589,1.9696,1.7604,4.4865,8.24,19.2247,1.3412,8.0877,13.3152,24.5715,51.6765,113.3254,123.7653,120.3048,133.6566,0.4356,4.8997
5.08,1.8435,3.2842,4.8786,12.9871,2.0125,17.5401,0.3775,0.4912,2.5116,2.8502,2.306,3.0926,5.2028,0.8904,2.1542,1.3131,0.8914,2.0183,10.4139,21.2053,23.4672,31.3848,1.0437,2.7384,0.4956,1.834,1.5784,4.1853,7.9232,18.4372,1.2659,7.7198,12.8905,23.5456,49.548,112.3796,123.1521,121.4292,135.1863,0.3991,4.6027
5.17,1.7142,3.0539,4.5994,12.3957,1.8663,16.8905,0.3448,0.4394,2.2717,2.6275,2.0658,2.9396,4.953,0.827,2.0044,1.2055,0.8281,1.8886,9.985,20.3453,22.5637,30.0835,0.9541,2.596,0.4401,1.7028,1.4114,3.8815,7.5795,17.6418,1.1911,7.3342,12.386,22.5187,47.4391,111.3138,122.3021,122.2459,136.5,0.365,4.2898
5.25,1.5918,2.8352,4.3232,11.7742,1.7296,16.1813,0.3147,0.392,2.0509,2.4198,1.8445,2.7889,4.7052,0.7681,1.8619,1.1055,0.7683,1.7659,9.5315,19.4563,21.636,28.7846,0.8723,2.4581,0.3918,1.5788,1.2611,3.587,7.2185,16.8476,1.1187,6.9452,11.8229,21.496,45.3626,110.1344,121.2573,122.7628,137.5678,0.3337,3.9769
5.33,1.4775,2.6307,4.0561,11.2128,1.603,15.4388,0.2871,0.3492,1.8517,2.2285,1.6468,2.6426,4.4627,0.7138,1.7281,1.0139,0.7127,1.6511,9.0671,18.5538,20.6932,27.4967,0.7982,2.3263,0.35,1.463,1.1272,3.3086,6.8492,16.0617,1.0495,6.5623,11.2307,20.482,43.3264,108.8488,120.0522,122.9944,138.3762,0.3052,3.6738
5.42,1.3718,2.4413,3.8016,10.6892,1.4867,14.7101,0.2621,0.3111,1.6739,2.0538,1.4728,2.5023,4.2278,0.664,1.6034,0.9307,0.6613,1.5443,8.602,17.6516,19.7456,26.2271,0.7315,2.2012,0.3138,1.3561,1.0088,3.0498,6.479,15.2899,0.9842,6.192,10.631,19.4825,41.3358,107.4645,118.7141,122.9609,138.9241,0.2796,3.3862
5.5,1.2744,2.2669,3.5616,10.1619,1.3803,13.9986,0.2397,0.2773,1.5162,1.895,1.3206,2.3687,4.0019,0.6185,1.4879,0.8553,0.6141,1.4456,8.1439,16.7609,18.8031,24.9822,0.6716,2.0831,0.2824,1.2577,0.9045,2.8115,6.1372,14.5354,0.923,5.8378,10.0389,18.5036,39.3955,105.9895,117.2648,122.6873,139.2207,0.2565,3.1169
5.58,1.1851,2.1069,3.3369,9.6417,1.2831,13.3041,0.2194,0.2475,1.3766,1.7511,1.1879,2.2421,3.7861,0.5768,1.3814,0.7873,0.5708,1.3544,7.6981,15.8907,17.8747,23.7676,0.6178,1.9722,0.255,1.1677,0.8126,2.5936,5.8474,13.8082,0.8658,5.502,9.5524,17.5506,37.5091,104.4318,115.7214,122.1982,139.2764,0.2357,2.8671
5.67,1.1034,1.9605,3.1275,9.1362,1.1945,12.6293,0.2013,0.2213,1.2531,1.6207,1.072,2.1227,3.5809,0.5388,1.2833,0.726,0.5312,1.2703,7.2684,15.0477,16.9679,22.5878,0.5695,1.8681,0.2312,1.0854,0.7318,2.3952,5.5632,13.1153,0.8126,5.1855,9.0876,16.6444,35.6852,102.7991,114.0977,121.5164,139.1035,0.2171,2.6369
5.75,1.0287,1.8267,2.933,8.6503,1.1137,11.9774,0.185,0.1983,1.1438,1.5027,0.9706,2.0104,3.3866,0.504,1.2063,0.6708,0.4951,1.1929,6.8572,14.2376,16.0889,21.4467,0.5261,1.7707,0.2103,1.0103,0.6605,2.2149,5.2874,12.456,0.7633,4.8885,8.6335,15.7841,33.9332,101.0991,112.4047,120.6632,138.7152,0.2003,2.4256
5.83,0.9604,1.7044,2.7528,8.1868,1.0399,11.3512,0.1703,0.178,1.0468,1.3957,0.8817,1.905,3.2031,0.4722,1.1379,0.6209,0.462,1.1215,6.4659,13.4669,15.2433,20.3473,0.4871,1.6796,0.1919,0.9417,0.5977,2.0512,5.022,11.8294,0.7176,4.6104,8.1953,14.9675,32.2572,99.34,110.6516,119.6576,138.1261,0.1853,2.2324
5.92,0.8979,1.5926,2.5859,7.7474,0.9726,10.7531,0.1571,0.1602,0.9606,1.2987,0.8034,1.8062,3.0303,0.4431,1.0743,0.5758,0.4318,1.0558,6.0952,12.7357,14.4351,19.2924,0.4519,1.5944,0.1757,0.879,0.5421,1.9026,4.7681,11.2345,0.6752,4.3508,7.7759,14.193,30.6588,97.5304,108.8464,118.517,137.3516,0.1717,2.0559
6,0.8407,1.4903,2.4316,7.3326,0.9111,10.1844,0.1453,0.1445,0.8838,1.2106,0.7343,1.7137,2.8678,0.4164,1.015,0.5351,0.4041,0.9951,5.7452,12.0434,13.666,18.2839,0.4201,1.5148,0.1614,0.8218,0.4929,1.7676,4.5263,10.6705,0.636,4.1087,7.377,13.4593,29.1374,95.6785,106.9962,117.2569,136.4072,0.1594,1.895
6.08,0.7883,1.3966,2.2888,6.9422,0.8547,9.6457,0.1346,0.1307,0.8153,1.1305,0.673,1.627,2.7152,0.3919,0.9599,0.4982,0.3788,0.9391,5.4157,11.3893,12.9365,17.3229,0.3913,1.4404,0.1486,0.7694,0.4492,1.645,4.2971,10.187,0.5997,3.883,6.9993,12.7649,27.6927,93.7923,105.1076,115.8913,135.3081,0.1483,1.7483
6.17,0.7402,1.3108,2.1567,6.5757,0.8031,9.137,0.1249,0.1185,0.7538,1.0576,0.6185,1.5459,2.5721,0.3694,0.9086,0.4646,0.3556,0.8874,5.1062,10.7723,12.246,16.4096,0.3652,1.3708,0.1373,0.7215,0.4104,1.5334,4.0802,9.7721,0.5661,3.6727,6.6428,12.1086,26.3437,91.8776,103.1865,114.4328,134.0695,0.1383,1.6146
6.25,0.6961,1.232,2.0345,6.232,0.7558,8.6578,0.1162,0.1077,0.6987,0.991,0.5699,1.47,2.4379,0.3487,0.8609,0.4341,0.3343,0.8396,4.8158,10.1912,11.5937,15.5435,0.3415,1.3057,0.1271,0.6775,0.3757,1.4318,3.8756,9.3725,0.535,3.4769,6.3071,11.489,25.0837,89.9433,101.2386,112.8926,132.7054,0.1292,1.4927
6.33,0.6555,1.1596,1.9213,5.9102,0.7122,8.2073,0.1082,0.0981,0.649,0.9301,0.5263,1.3989,2.3121,0.3296,0.8165,0.4064,0.3147,0.7953,4.5437,9.6445,10.9784,14.7239,0.3199,1.2448,0.118,0.6371,0.3447,1.339,3.6828,8.9888,0.506,3.2944,5.9915,10.9045,23.9011,87.9974,99.2695,111.2811,131.2294,0.1208,1.3815
6.42,0.6181,1.0929,1.8164,5.609,0.6721,7.7843,0.101,0.0896,0.6042,0.8743,0.4872,1.3323,2.1944,0.3119,0.7751,0.381,0.2966,0.7542,4.2891,9.1307,10.3987,13.9492,0.3002,1.1877,0.1097,0.6,0.3169,1.2542,3.5013,8.6211,0.4792,3.1243,5.6951,10.3535,22.7877,86.047,97.2849,109.6075,129.6542,0.1133,1.28
6.5,0.5836,1.0315,1.7191,5.3272,0.6351,7.3875,0.0944,0.0821,0.5636,0.8232,0.452,1.2699,2.084,0.2956,0.7366,0.3578,0.28,0.716,4.0509,8.6481,9.853,13.2181,0.2821,1.1342,0.1023,0.5658,0.2919,1.1766,3.3306,8.2694,0.4543,2.9657,5.4169,9.8346,21.7373,84.0981,95.2902,107.8805,127.9913,0.1063,1.1873
6.58,0.5518,0.9748,1.6287,5.0634,0.6009,7.0155,0.0884,0.0754,0.5267,0.7761,0.4202,1.2114,1.9806,0.2804,0.7006,0.3365,0.2646,0.6805,3.8282,8.1951,9.3398,12.5287,0.2656,1.084,0.0956,0.5342,0.2694,1.1055,3.1701,7.9336,0.4311,2.8177,5.1558,9.346,20.745,82.1559,93.2906,106.1081,126.2518,0.1,1.1026
6.67,0.5223,0.9224,1.5448,4.8166,0.5693,6.6668,0.083,0.0694,0.4932,0.7328,0.3913,1.1565,1.8837,0.2664,0.6671,0.3169,0.2504,0.6475,3.62,7.77,8.8574,11.8791,0.2504,1.0369,0.0894,0.5051,0.2491,1.0401,3.0193,7.6133,0.4095,2.6794,4.9108,8.8863,19.891,80.217,91.2912,104.2977,124.4456,0.0941,1.025
6.75,0.495,0.8738,1.4666,4.5856,0.54,6.3402,0.0779,0.064,0.4626,0.6929,0.3652,1.105,1.7929,0.2533,0.6357,0.299,0.2373,0.6167,3.4253,7.3712,8.404,11.2675,0.2364,0.9926,0.0839,0.4782,0.2308,0.98,2.8775,7.308,0.3894,2.5503,4.6808,8.4536,19.149,78.2935,89.294,102.4563,122.582,0.0888,0.954
6.83,0.4697,0.8288,1.3938,4.3691,0.5129,6.034,0.0733,0.0591,0.4347,0.6559,0.3413,1.0565,1.7078,0.2412,0.6064,0.2824,0.2251,0.588,3.2433,6.997,7.9781,10.6918,0.2236,0.9509,0.0788,0.4532,0.2142,0.9246,2.7442,7.0173,0.3706,2.4294,4.465,8.0466,18.42,76.3981,87.3046,100.5897,120.6694,0.0838,0.8888
6.92,0.4462,0.787,1.3259,4.1663,0.4876,5.747,0.0691,0.0548,0.4091,0.6218,0.3196,1.0109,1.6278,0.2299,0.5789,0.2671,0.2137,0.5611,3.0731,6.6459,7.578,10.1502,0.2116,0.9117,0.0741,0.43,0.1991,0.8735,2.619,6.7405,0.3531,2.3163,4.2622,7.6637,17.7101,74.5312,85.3285,98.704,118.7157,0.0793,0.8289
7,0.4243,0.7482,1.2625,3.976,0.4641,5.4778,0.0652,0.0508,0.3856,0.5901,0.2997,0.9681,1.5528,0.2193,0.5532,0.253,0.2032,0.536,2.9139,6.3165,7.2021,9.6407,0.2006,0.8747,0.0699,0.4085,0.1853,0.8262,2.5011,6.4772,0.3367,2.2103,4.0717,7.3034,17.0232,72.6937,83.3702,96.8048,116.7281,0.0751,0.7739
7.08,0.4039,0.712,1.2033,3.7975,0.4422,5.2253,0.0616,0.0473,0.364,0.5607,0.2815,0.9277,1.4824,0.2094,0.5291,0.2398,0.1934,0.5125,2.765,6.0077,6.849,9.1614,0.1904,0.8399,0.0659,0.3884,0.1728,0.7825,2.3903,6.2267,0.3213,2.1109,3.8926,6.9643,16.3614,70.8864,81.4331,94.8975,114.7132,0.0712,0.7233
7.17,0.3849,0.6782,1.1479,3.6299,0.4217,4.9882,0.0583,0.0441,0.3441,0.5333,0.2647,0.8896,1.4161,0.2002,0.5064,0.2277,0.1842,0.4904,2.6255,5.7704,6.5264,8.7107,0.181,0.807,0.0623,0.3698,0.1614,0.7419,2.2859,5.9884,0.3069,2.0176,3.724,6.6451,15.7262,69.1103,79.5201,92.9872,112.6771,0.0675,0.6766
7.25,0.3671,0.6467,1.096,3.4723,0.4026,4.7655,0.0552,0.0412,0.3257,0.5079,0.2493,0.8537,1.3538,0.1915,0.4851,0.2164,0.1757,0.4697,2.4949,5.5388,6.2381,8.2897,0.1722,0.7759,0.059,0.3523,0.1509,0.7042,2.1876,5.7618,0.2934,1.9299,3.5654,6.3446,15.1178,67.3661,77.6334,91.0784,110.6255,0.0642,0.6336
7.33,0.3505,0.6173,1.0473,3.324,0.3847,4.5562,0.0523,0.0385,0.3087,0.4841,0.2351,0.8198,1.2952,0.1834,0.4651,0.2059,0.1677,0.4502,2.3725,5.3144,5.973,7.8987,0.164,0.7465,0.0559,0.3361,0.1413,0.6692,2.0949,5.5461,0.2808,1.8475,3.4159,6.0615,14.5363,65.6545,75.7749,89.1754,108.5638,0.061,0.5938
7.42,0.335,0.5897,1.0017,3.1845,0.368,4.3593,0.0496,0.0361,0.2929,0.4619,0.222,0.7877,1.24,0.1758,0.4462,0.1961,0.1602,0.4319,2.2577,5.0983,5.7249,7.5356,0.1563,0.7187,0.053,0.3209,0.1325,0.6366,2.0075,5.341,0.2689,1.7699,3.2749,5.7947,13.9811,63.9766,73.946,87.2818,106.4969,0.0581,0.5571
7.5,0.3204,0.5639,0.9588,3.053,0.3522,4.174,0.0472,0.0339,0.2783,0.4412,0.2099,0.7574,1.1879,0.1686,0.4284,0.1869,0.1532,0.4146,2.15,4.8911,5.4906,7.1976,0.1492,0.6923,0.0504,0.3066,0.1245,0.6062,1.9251,5.1457,0.2576,1.6968,3.1419,5.5432,13.4514,62.3332,72.1481,85.401,104.4291,0.0554,0.5231
7.58,0.3067,0.5397,0.9184,2.9291,0.3375,3.9994,0.0449,0.0318,0.2647,0.4218,0.1986,0.7287,1.1388,0.1618,0.4116,0.1784,0.1466,0.3984,2.0489,4.693,5.2682,6.882,0.1425,0.6673,0.0479,0.2932,0.117,0.5778,1.8472,4.9599,0.2471,1.6279,3.0163,5.3059,12.9466,60.7251,70.3823,83.536,102.3647,0.0529,0.4916
7.67,0.2939,0.5169,0.8804,2.8121,0.3236,3.8348,0.0427,0.03,0.252,0.4036,0.1882,0.7016,1.0925,0.1555,0.3958,0.1704,0.1404,0.383,1.954,4.504,5.0566,6.5863,0.1362,0.6436,0.0456,0.2807,0.1102,0.5513,1.7736,4.783,0.2371,1.5628,2.8977,5.082,12.4655,59.1527,68.6496,81.6894,100.3074,0.0505,0.4624
7.75,0.2818,0.4955,0.8446,2.7016,0.3105,3.6795,0.0407,0.0282,0.2402,0.3865,0.1785,0.6758,1.0487,0.1494,0.3808,0.1629,0.1346,0.3685,1.8647,4.3239,4.8551,6.3084,0.1304,0.6212,0.0435,0.2689,0.1038,0.5264,1.7041,4.6145,0.2278,1.5014,2.7855,4.8705,12.0072,57.6164,66.9507,79.8635,98.2606,0.0483,0.4353
7.83,0.2704,0.4754,0.8108,2.5971,0.2982,3.5328,0.0388,0.0267,0.2292,0.3704,0.1695,0.6514,1.0074,0.1438,0.3666,0.1558,0.1291,0.3548,1.7807,4.1526,4.6631,6.0466,0.1249,0.5998,0.0415,0.2578,0.098,0.5032,1.6382,4.4539,0.2189,1.4433,2.6792,4.6707,11.5705,56.1163,65.2863,78.0605,96.2273,0.0462,0.4101
7.92,0.2597,0.4564,0.7789,2.4983,0.2866,3.3943,0.0371,0.0252,0.2189,0.3553,0.1611,0.6282,0.9682,0.1384,0.3532,0.1492,0.124,0.3418,1.7016,3.9896,4.4802,5.7994,0.1197,0.5795,0.0396,0.2474,0.0925,0.4814,1.5759,4.3009,0.2105,1.3883,2.5787,4.4818,11.1546,54.6524,63.6569,76.2819,94.2105,0.0442,0.3867
8,0.2495,0.4385,0.7488,2.4047,0.2756,3.2632,0.0354,0.0239,0.2093,0.3411,0.1533,0.6062,0.9312,0.1333,0.3405,0.143,0.1191,0.3295,1.6272,3.8347,4.3061,5.5655,0.1148,0.5601,0.0379,0.2375,0.0875,0.4609,1.5168,4.155,0.2026,1.3363,2.4833,4.3032,10.7582,53.2244,62.0628,74.5296,92.2127,0.0424,0.3649
8.08,0.24,0.4216,0.7203,2.3161,0.2653,3.1392,0.0339,0.0226,0.2002,0.3277,0.146,0.5853,0.8961,0.1285,0.3284,0.1372,0.1145,0.3178,1.557,3.6875,4.1404,5.344,0.1103,0.5417,0.0362,0.2282,0.0829,0.4416,1.4608,4.0158,0.1951,1.287,2.3929,4.134,10.3805,51.8323,60.5041,72.8047,90.2359,0.0406,0.3446
8.17,0.2309,0.4056,0.6933,2.232,0.2555,3.0217,0.0324,0.0215,0.1917,0.315,0.1391,0.5654,0.8628,0.124,0.317,0.1317,0.1102,0.3067,1.4907,3.5477,3.9826,5.134,0.1059,0.5242,0.0347,0.2194,0.0785,0.4234,1.4077,3.883,0.188,1.2402,2.307,3.9738,10.0204,50.4755,58.981,71.1085,88.2824,0.039,0.3257
8.25,0.2224,0.3905,0.6677,2.1523,0.2462,2.9103,0.0311,0.0204,0.1837,0.3031,0.1327,0.5464,0.8312,0.1197,0.3061,0.1265,0.106,0.2962,1.4282,3.4147,3.8325,4.9347,0.1019,0.5075,0.0333,0.2111,0.0745,0.4064,1.3573,3.7562,0.1812,1.1958,2.2255,3.822,9.677,49.1538,57.4933,69.4419,86.3538,0.0374,0.308
8.33,0.2142,0.3762,0.6435,2.0765,0.2374,2.8047,0.0298,0.0194,0.1762,0.2918,0.1267,0.5283,0.8013,0.1156,0.2958,0.1216,0.1022,0.2862,1.3692,3.2883,3.6896,4.7453,0.098,0.4915,0.0319,0.2033,0.0707,0.3902,1.3093,3.635,0.1748,1.1537,2.148,3.6781,9.3495,47.8666,56.041,67.8057,84.4517,0.036,0.2915
8.42,0.2066,0.3626,0.6205,2.0046,0.229,2.7044,0.0286,0.0184,0.1691,0.2811,0.1211,0.5111,0.7728,0.1117,0.2859,0.1169,0.0985,0.2767,1.3134,3.1681,3.5536,4.5654,0.0944,0.4763,0.0306,0.1959,0.0672,0.375,1.2638,3.5193,0.1687,1.1136,2.0743,3.5415,9.037,46.6135,54.6238,66.2005,82.5774,0.0346,0.2761
8.5,0.1993,0.3497,0.5987,1.9361,0.2211,2.6092,0.0274,0.0176,0.1625,0.2709,0.1158,0.4947,0.7457,0.108,0.2765,0.1126,0.095,0.2677,1.2606,3.0538,3.4242,4.3943,0.0909,0.4617,0.0294,0.1888,0.0639,0.3607,1.2204,3.4086,0.1629,1.0755,2.0041,3.4118,8.7386,45.3938,53.2414,64.6269,80.7322,0.0333,0.2617
8.58,0.1923,0.3375,0.5779,1.8709,0.2136,2.5187,0.0263,0.0168,0.1562,0.2613,0.1108,0.479,0.72,0.1044,0.2676,0.1084,0.0916,0.259,1.2106,2.945,3.301,4.2315,0.0876,0.4478,0.0283,0.1821,0.0609,0.3471,1.1791,3.3028,0.1574,1.0392,1.9373,3.2886,8.4537,44.207,51.8934,63.0851,78.9171,0.0321,0.2482
8.67,0.1858,0.3259,0.5582,1.8089,0.2064,2.4325,0.0253,0.016,0.1502,0.2522,0.1061,0.4641,0.6955,0.1011,0.2591,0.1045,0.0885,0.2508,1.1633,2.8414,3.1836,4.0765,0.0845,0.4345,0.0272,0.1758,0.058,0.3342,1.1398,3.2015,0.1522,1.0046,1.8736,3.1714,8.1815,43.0525,50.5795,61.5753,77.1328,0.0309,0.2355
8.75,0.1795,0.3149,0.5394,1.7498,0.1996,2.3505,0.0243,0.0153,0.1446,0.2435,0.1017,0.4498,0.6722,0.0979,0.251,0.1007,0.0855,0.243,1.1184,2.7428,3.0718,3.929,0.0816,0.4218,0.0262,0.1697,0.0553,0.322,1.1024,3.1046,0.1472,0.9717,1.8129,3.06,7.9213,41.9296,49.299,60.0979,75.3801,0.0298,0.2237
8.83,0.1736,0.3044,0.5215,1.6934,0.1931,2.2724,0.0234,0.0146,0.1393,0.2353,0.0975,0.4361,0.6499,0.0948,0.2432,0.0972,0.0826,0.2355,1.0759,2.6488,2.9653,3.7885,0.0788,0.4096,0.0252,0.164,0.0528,0.3105,1.0666,3.0117,0.1424,0.9403,1.7549,2.9539,7.6725,40.8377,48.0516,58.6527,73.6596,0.0287,0.2126
8.92,0.1679,0.2944,0.5044,1.6396,0.187,2.198,0.0225,0.014,0.1342,0.2274,0.0936,0.423,0.6287,0.0919,0.2358,0.0938,0.0799,0.2283,1.0355,2.5592,2.8637,3.6547,0.0762,0.3979,0.0243,0.1585,0.0505,0.2995,1.0325,2.9228,0.1379,0.9103,1.6996,2.8529,7.4345,39.7761,46.8367,57.2397,71.9716,0.0277,0.2021
9,0.1625,0.2849,0.4881,1.5882,0.1811,2.127,0.0217,0.0134,0.1295,0.22,0.0898,0.4105,0.6085,0.0891,0.2288,0.0906,0.0773,0.2215,0.9972,2.4738,2.7669,3.5271,0.0736,0.3867,0.0234,0.1533,0.0483,0.2891,1,2.8375,0.1336,0.8817,1.6467,2.7567,7.2067,38.744,45.6536,55.8587,70.3165,0.0268,0.1923
9.08,0.1573,0.2758,0.4726,1.5392,0.1754,2.0592,0.0209,0.0128,0.1249,0.2129,0.0863,0.3985,0.5891,0.0864,0.222,0.0876,0.0749,0.2149,0.9607,2.3922,2.6744,3.4054,0.0712,0.376,0.0226,0.1483,0.0462,0.2792,0.9688,2.7557,0.1294,0.8543,1.5962,2.6649,6.9886,37.741,44.5018,54.5097,68.6945,0.0259,0.1831
9.17,0.1524,0.2671,0.4578,1.4922,0.1701,1.9945,0.0202,0.0123,0.1206,0.2061,0.083,0.387,0.5707,0.0839,0.2155,0.0847,0.0725,0.2087,0.9261,2.3144,2.5862,3.2892,0.0689,0.3656,0.0218,0.1436,0.0442,0.2698,0.9391,2.6772,0.1255,0.8282,1.5478,2.5774,6.7797,36.7661,43.3807,53.1923,67.1058,0.025,0.1744
9.25,0.1477,0.2589,0.4436,1.4474,0.1649,1.9327,0.0195,0.0118,0.1165,0.1996,0.0798,0.376,0.553,0.0814,0.2093,0.0819,0.0703,0.2027,0.8931,2.24,2.5019,3.1784,0.0667,0.3557,0.0211,0.1391,0.0424,0.2608,0.9107,2.6019,0.1217,0.8031,1.5015,2.4938,6.5795,35.8188,42.2897,51.9062,65.5503,0.0242,0.1663
9.33,0.1432,0.251,0.4301,1.4044,0.16,1.8736,0.0188,0.0114,0.1126,0.1934,0.0768,0.3654,0.5361,0.0791,0.2034,0.0793,0.0681,0.1969,0.8618,2.169,2.4214,3.0726,0.0647,0.3462,0.0204,0.1348,0.0406,0.2523,0.8834,2.5296,0.118,0.7792,1.4572,2.414,6.3875,34.8984,41.228,50.6511,64.028,0.0234,0.1586
9.42,0.1389,0.2434,0.4171,1.3633,0.1553,1.817,0.0182,0.0109,0.1089,0.1876,0.074,0.3553,0.52,0.0769,0.1977,0.0768,0.066,0.1914,0.8334,2.1009,2.3444,2.9716,0.0627,0.3371,0.0197,0.1307,0.039,0.2441,0.8574,2.4601,0.1146,0.7562,1.4148,2.3377,6.2033,34.0042,40.1951,49.4265,62.5388,0.0227,0.1513
9.5,0.1348,0.2362,0.4047,1.3239,0.1508,1.7629,0.0176,0.0105,0.1054,0.1819,0.0713,0.3456,0.5045,0.0747,0.1922,0.0744,0.0641,0.1861,0.8102,2.036,2.2708,2.875,0.0608,0.3283,0.0191,0.1267,0.0374,0.2364,0.8324,2.3933,0.1113,0.7343,1.3741,2.2648,6.0266,33.1354,39.1903,48.232,61.0825,0.022,0.1445
9.58,0.1309,0.2293,0.3928,1.2861,0.1465,1.711,0.017,0.0101,0.102,0.1765,0.0688,0.3362,0.4897,0.0727,0.1869,0.0721,0.0622,0.1811,0.7879,1.9745,2.2004,2.7827,0.0589,0.3198,0.0185,0.123,0.0359,0.229,0.8084,2.3291,0.1081,0.7132,1.335,2.195,5.857,32.2915,38.213,47.0672,59.6589,0.0213,0.1381
9.67,0.1271,0.2226,0.3815,1.2499,0.1424,1.6613,0.0164,0.0097,0.0988,0.1714,0.0663,0.3272,0.4755,0.0707,0.1819,0.0699,0.0604,0.1762,0.7664,1.9161,2.1333,2.6944,0.0572,0.3117,0.0179,0.1193,0.0346,0.2219,0.7855,2.2673,0.105,0.693,1.2976,2.1283,5.694,31.4716,37.2624,45.9315,58.2677,0.0206,0.132
9.75,0.1235,0.2163,0.3705,1.2151,0.1384,1.6137,0.0159,0.0094,0.0957,0.1664,0.064,0.3186,0.4619,0.0688,0.1771,0.0678,0.0587,0.1715,0.7457,1.8606,2.0694,2.6099,0.0555,0.3038,0.0173,0.1159,0.0332,0.2151,0.7635,2.2078,0.1021,0.6736,1.2616,2.0643,5.5375,30.6753,36.3379,44.8245,56.9085,0.02,0.1263
9.83,0.12,0.2102,0.3601,1.1817,0.1346,1.568,0.0154,0.009,0.0928,0.1617,0.0618,0.3102,0.4488,0.067,0.1724,0.0658,0.057,0.167,0.7259,1.8078,2.0084,2.5292,0.0539,0.2963,0.0168,0.1126,0.032,0.2087,0.7423,2.1506,0.0993,0.655,1.2271,2.0031,5.387,29.9018,35.4389,43.7456,55.581,0.0194,0.1208
9.92,0.1167,0.2043,0.35,1.1497,0.131,1.5242,0.0149,0.0087,0.0899,0.1571,0.0597,0.3022,0.4363,0.0652,0.1679,0.0639,0.0554,0.1627,0.7067,1.7573,1.9503,2.4521,0.0524,0.289,0.0163,0.1094,0.0308,0.2025,0.722,2.0955,0.0966,0.6371,1.1939,1.9443,5.2423,29.1505,34.5647,42.6943,54.2848,0.0189,0.1157
10,0.1135,0.1987,0.3404,1.1188,0.1275,1.482,0.0144,0.0084,0.0873,0.1528,0.0577,0.2945,0.4242,0.0635,0.1636,0.062,0.0539,0.1585,0.6883,1.7091,1.8949,2.3783,0.0509,0.282,0.0158,0.1063,0.0297,0.1966,0.7025,2.0424,0.094,0.6199,1.162,1.888,5.103,28.4208,33.7146,41.67,53.0193,0.0183,0.1109
10.08,0.1105,0.1933,0.3311,1.0892,0.1241,1.4416,0.014,0.0081,0.0847,0.1486,0.0558,0.2871,0.4126,0.0619,0.1595,0.0603,0.0524,0.1545,0.6706,1.663,1.842,2.3078,0.0495,0.2752,0.0153,0.1034,0.0286,0.1909,0.6837,1.9912,0.0915,0.6033,1.1313,1.8339,4.969,27.712,32.8881,40.6722,51.7843,0.0178,0.1063
10.17,0.1075,0.1882,0.3222,1.0607,0.1208,1.4027,0.0136,0.0078,0.0822,0.1446,0.054,0.2799,0.4015,0.0604,0.1555,0.0586,0.051,0.1507,0.6535,1.6188,1.7913,2.2404,0.0482,0.2687,0.0149,0.1006,0.0276,0.1855,0.6657,1.9418,0.0891,0.5874,1.1017,1.7821,4.84,27.0236,32.0846,39.7003,50.579,0.0173,0.1019
10.25,0.1047,0.1832,0.3136,1.0333,0.1177,1.3653,0.0132,0.0076,0.0799,0.1407,0.0522,0.273,0.3908,0.0589,0.1516,0.0569,0.0497,0.147,0.637,1.5765,1.7429,2.1759,0.0469,0.2624,0.0145,0.0979,0.0266,0.1803,0.6483,1.8942,0.0868,0.5721,1.0733,1.7322,4.7157,26.355,31.3033,38.7538,49.4032,0.0168,0.0978
10.33,0.102,0.1784,0.3054,1.0068,0.1147,1.3294,0.0128,0.0073,0.0776,0.137,0.0506,0.2664,0.3805,0.0574,0.1479,0.0554,0.0484,0.1434,0.6211,1.5358,1.6965,2.1142,0.0456,0.2563,0.0141,0.0953,0.0257,0.1753,0.6316,1.8483,0.0845,0.5574,1.0459,1.6843,4.5959,25.7055,30.5437,37.832,48.2561,0.0163,0.0939
10.42,0.0994,0.1738,0.2974,0.9814,0.1118,1.2948,0.0124,0.0071,0.0754,0.1335,0.049,0.26,0.3706,0.056,0.1443,0.0539,0.0471,0.1399,0.6058,1.4968,1.6521,2.0552,0.0444,0.2504,0.0137,0.0928,0.0249,0.1704,0.6155,1.804,0.0824,0.5432,1.0195,1.6383,4.4805,25.0747,29.8052,36.9344,47.1374,0.0159,0.0902
10.5,0.0968,0.1694,0.2898,0.9569,0.1091,1.2614,0.012,0.0069,0.0734,0.13,0.0474,0.2538,0.361,0.0547,0.1409,0.0524,0.0459,0.1366,0.591,1.4593,1.6094,1.9986,0.0433,0.2447,0.0133,0.0904,0.024,0.1658,0.6,1.7612,0.0803,0.5295,0.9941,1.5941,4.3692,24.462,29.0873,36.0603,46.0464,0.0155,0.0867
10.58,0.0944,0.1651,0.2824,0.9333,0.1064,1.2293,0.0117,0.0066,0.0714,0.1267,0.046,0.2478,0.3518,0.0534,0.1376,0.0511,0.0447,0.1334,0.5767,1.4232,1.5684,1.9444,0.0422,0.2392,0.0129,0.0881,0.0232,0.1614,0.5851,1.7198,0.0783,0.5163,0.9695,1.5515,4.2618,23.8669,28.3893,35.2094,44.9826,0.0151,0.0834
10.67,0.0921,0.161,0.2754,0.9105,0.1038,1.1984,0.0114,0.0064,0.0694,0.1235,0.0446,0.242,0.343,0.0521,0.1344,0.0497,0.0436,0.1303,0.5629,1.3884,1.5331,1.8923,0.0411,0.2339,0.0126,0.0859,0.0225,0.1571,0.5706,1.6798,0.0764,0.5036,0.9459,1.5105,4.1582,23.2888,27.7107,34.3809,43.9455,0.0147,0.0802
10.75,0.0898,0.157,0.2685,0.8885,0.1013,1.1686,0.011,0.0062,0.0676,0.1205,0.0432,0.2364,0.3344,0.0509,0.1313,0.0484,0.0426,0.1273,0.5496,1.3549,1.5011,1.8431,0.0401,0.2288,0.0123,0.0837,0.0217,0.153,0.5567,1.6412,0.0746,0.4913,0.923,1.471,4.0581,22.7272,27.0509,33.5744,42.9344,0.0143,0.0772
10.83,0.0876,0.1532,0.2619,0.8672,0.0989,1.1398,0.0107,0.006,0.0658,0.1175,0.042,0.231,0.3262,0.0497,0.1283,0.0472,0.0415,0.1244,0.5368,1.3226,1.4691,1.7968,0.0391,0.2238,0.0119,0.0816,0.021,0.1491,0.5433,1.6039,0.0728,0.4795,0.901,1.433,3.9615,22.1815,26.4095,32.7892,41.9488,0.0139,0.0743
10.92,0.0855,0.1495,0.2556,0.8468,0.0966,1.1121,0.0104,0.0059,0.0641,0.1147,0.0407,0.2258,0.3182,0.0486,0.1254,0.046,0.0405,0.1215,0.5243,1.2915,1.4373,1.7528,0.0381,0.219,0.0116,0.0797,0.0204,0.1453,0.5304,1.5678,0.0711,0.4681,0.8797,1.3963,3.8682,21.6514,25.7858,32.0249,40.9882,0.0136,0.0716
11,0.0835,0.146,0.2494,0.827,0.0943,1.0853,0.0102,0.0057,0.0625,0.1119,0.0396,0.2207,0.3105,0.0475,0.1226,0.0449,0.0395,0.1188,0.5123,1.2614,1.406,1.7108,0.0372,0.2143,0.0113,0.0777,0.0198,0.1416,0.5179,1.5328,0.0694,0.457,0.8591,1.361,3.778,21.1365,25.1793,31.2809,40.0519,0.0132,0.069
11.08,0.0815,0.1425,0.2435,0.8078,0.0922,1.0594,0.0099,0.0055,0.0609,0.1093,0.0384,0.2158,0.3031,0.0465,0.1198,0.0438,0.0386,0.1162,0.5007,1.2324,1.3752,1.6705,0.0363,0.2098,0.011,0.0759,0.0192,0.1381,0.5058,1.499,0.0678,0.4463,0.8392,1.327,3.6908,20.6363,24.5897,30.5567,39.1395,0.0129,0.0666
11.17,0.0796,0.1392,0.2378,0.7893,0.0901,1.0344,0.0096,0.0054,0.0594,0.1067,0.0373,0.2111,0.2959,0.0454,0.1172,0.0427,0.0377,0.1137,0.4894,1.2044,1.3451,1.6317,0.0355,0.2054,0.0108,0.0741,0.0186,0.1347,0.4941,1.4662,0.0662,0.436,0.82,1.3004,3.6062,20.1503,24.0164,29.8517,38.2503,0.0126,0.0642
11.25,0.0778,0.136,0.2322,0.7715,0.088,1.0103,0.0094,0.0052,0.0579,0.1042,0.0363,0.2065,0.289,0.0444,0.1147,0.0417,0.0368,0.1112,0.4785,1.1773,1.3157,1.5943,0.0346,0.2011,0.0105,0.0723,0.018,0.1314,0.4829,1.4345,0.0647,0.426,0.8014,1.2743,3.5251,19.6781,23.4589,29.1654,37.3839,0.0123,0.062
11.33,0.0761,0.1329,0.2269,0.7542,0.0861,0.987,0.0091,0.0051,0.0565,0.1018,0.0353,0.2021,0.2823,0.0435,0.1122,0.0407,0.036,0.1088,0.468,1.1511,1.2872,1.5581,0.0338,0.197,0.0102,0.0707,0.0175,0.1283,0.472,1.4038,0.0633,0.4164,0.7834,1.2488,3.4471,19.2193,22.9168,28.4974,36.5396,0.012,0.0598
11.42,0.0743,0.1299,0.2217,0.7374,0.0842,0.9644,0.0089,0.0049,0.0551,0.0995,0.0343,0.1978,0.2759,0.0426,0.1098,0.0397,0.0352,0.1065,0.4578,1.1258,1.2594,1.5231,0.0331,0.193,0.01,0.069,0.017,0.1252,0.4614,1.374,0.0619,0.4071,0.766,1.2238,3.3721,18.7735,22.3896,27.8472,35.7169,0.0117,0.0578
11.5,0.0727,0.127,0.2167,0.7212,0.0824,0.9426,0.0087,0.0048,0.0538,0.0973,0.0334,0.1936,0.2696,0.0417,0.1075,0.0388,0.0344,0.1043,0.4479,1.1013,1.2323,1.4892,0.0323,0.1891,0.0098,0.0675,0.0165,0.1223,0.4512,1.3451,0.0605,0.398,0.7492,1.1995,3.2998,18.3402,21.877,27.2142,34.9153,0.0114,0.0559
11.58,0.0711,0.1242,0.2118,0.7056,0.0806,0.9215,0.0085,0.0046,0.0525,0.0951,0.0325,0.1896,0.2635,0.0408,0.1053,0.0379,0.0336,0.1021,0.4383,1.0775,1.2061,1.4564,0.0316,0.1854,0.0095,0.066,0.016,0.1194,0.4413,1.3172,0.0592,0.3893,0.7329,1.1757,3.23,17.9192,21.3784,26.5981,34.1343,0.0111,0.054
11.67,0.0695,0.1215,0.2071,0.6904,0.0789,0.9011,0.0082,0.0045,0.0513,0.093,0.0316,0.1857,0.2577,0.0399,0.1031,0.037,0.0329,0.1,0.4291,1.0545,1.1806,1.4245,0.0309,0.1817,0.0093,0.0645,0.0156,0.1167,0.4317,1.29,0.0579,0.3808,0.7171,1.1524,3.1626,17.51,20.8935,25.9983,33.3733,0.0109,0.0523
11.75,0.068,0.1189,0.2026,0.6757,0.0772,0.8813,0.008,0.0044,0.0501,0.091,0.0308,0.1819,0.252,0.0391,0.101,0.0362,0.0322,0.098,0.4201,1.0323,1.1559,1.3937,0.0302,0.1782,0.0091,0.0631,0.0151,0.114,0.4225,1.2637,0.0567,0.3726,0.7018,1.1298,3.0975,17.1123,20.4218,25.4144,32.6318,0.0106,0.0506
11.83,0.0666,0.1163,0.1982,0.6614,0.0756,0.8621,0.0078,0.0043,0.0489,0.0891,0.03,0.1782,0.2465,0.0383,0.099,0.0354,0.0315,0.096,0.4113,1.0107,1.1319,1.3638,0.0296,0.1747,0.0089,0.0617,0.0147,0.1115,0.4135,1.2381,0.0555,0.3647,0.6869,1.1076,3.0345,16.7257,19.9631,24.8461,31.9094,0.0104,0.0489
11.92,0.0652,0.1139,0.1939,0.6476,0.074,0.8436,0.0077,0.0042,0.0478,0.0872,0.0292,0.1746,0.2412,0.0376,0.097,0.0346,0.0308,0.0941,0.4029,0.9897,1.1086,1.3347,0.0289,0.1714,0.0087,0.0604,0.0143,0.109,0.4048,1.2133,0.0543,0.3569,0.6725,1.086,2.9735,16.35,19.5169,24.2927,31.2056,0.0102,0.0474
12,0.0638,0.1115,0.1898,0.6342,0.0725,0.8256,0.0075,0.0041,0.0468,0.0853,0.0285,0.1711,0.236,0.0368,0.0951,0.0338,0.0302,0.0923,0.3946,0.9694,1.086,1.3066,0.0283,0.1681,0.0085,0.0591,0.0139,0.1066,0.3963,1.1892,0.0532,0.3495,0.6585,1.065,2.9144,15.9847,19.0828,23.754,30.5198,0.0099,0.0459
12.08,0.0625,0.1092,0.1858,0.6212,0.071,0.8081,0.0073,0.004,0.0457,0.0835,0.0278,0.1678,0.231,0.0361,0.0932,0.0331,0.0295,0.0905,0.3867,0.9498,1.064,1.2792,0.0277,0.165,0.0083,0.0578,0.0136,0.1042,0.3881,1.1658,0.0521,0.3422,0.645,1.0444,2.8571,15.6295,18.6605,23.2296,29.8516,0.0097,0.0445
12.17,0.0612,0.1069,0.1819,0.6085,0.0696,0.7912,0.0071,0.0039,0.0447,0.0818,0.0271,0.1645,0.2261,0.0354,0.0914,0.0324,0.0289,0.0887,0.3789,0.9307,1.0427,1.2527,0.0271,0.1619,0.0081,0.0566,0.0132,0.102,0.3802,1.1431,0.051,0.3352,0.6319,1.0244,2.8015,15.2841,18.2496,22.7189,29.2006,0.0095,0.0432
12.25,0.06,0.1047,0.1782,0.5963,0.0682,0.7748,0.007,0.0038,0.0437,0.0801,0.0264,0.1613,0.2214,0.0347,0.0897,0.0317,0.0283,0.087,0.3714,0.9121,1.022,1.2269,0.0266,0.1589,0.0079,0.0555,0.0129,0.0998,0.3725,1.121,0.05,0.3284,0.6191,1.0049,2.7475,14.9482,17.8499,22.2217,28.5662,0.0093,0.0419
12.33,0.0588,0.1026,0.1745,0.5844,0.0669,0.7589,0.0068,0.0037,0.0428,0.0785,0.0258,0.1582,0.2169,0.034,0.0879,0.031,0.0278,0.0853,0.3641,0.8941,1.0019,1.2019,0.026,0.156,0.0078,0.0543,0.0125,0.0977,0.365,1.0996,0.049,0.3217,0.6067,0.9859,2.6951,14.6215,17.4609,21.7376,27.9481,0.0091,0.0406
12.42,0.0576,0.1006,0.171,0.5729,0.0656,0.7435,0.0066,0.0036,0.0419,0.0769,0.0251,0.1552,0.2124,0.0334,0.0863,0.0304,0.0272,0.0837,0.357,0.8766,0.9824,1.1776,0.0255,0.1532,0.0076,0.0532,0.0122,0.0956,0.3578,1.0787,0.048,0.3153,0.5947,0.9673,2.6442,14.3038,17.0823,21.2662,27.3458,0.0089,0.0394
12.5,0.0565,0.0986,0.1675,0.5617,0.0643,0.7285,0.0065,0.0035,0.041,0.0754,0.0245,0.1523,0.2081,0.0328,0.0847,0.0297,0.0267,0.0822,0.3501,0.8596,0.9634,1.154,0.025,0.1504,0.0074,0.0521,0.0119,0.0936,0.3507,1.0584,0.0471,0.309,0.583,0.9492,2.5947,13.9947,16.7139,20.8072,26.7589,0.0087,0.0383
12.58,0.0554,0.0966,0.1642,0.5508,0.0631,0.7139,0.0064,0.0034,0.0401,0.0739,0.0239,0.1494,0.2039,0.0322,0.0831,0.0291,0.0261,0.0806,0.3434,0.8431,0.945,1.1311,0.0245,0.1477,0.0073,0.0511,0.0116,0.0917,0.3439,1.0387,0.0462,0.303,0.5717,0.9315,2.5466,13.694,16.3553,20.3601,26.1869,0.0086,0.0372
12.67,0.0543,0.0948,0.1609,0.5402,0.0619,0.6998,0.0062,0.0033,0.0393,0.0725,0.0234,0.1467,0.1999,0.0316,0.0816,0.0285,0.0256,0.0792,0.3369,0.8271,0.927,1.1088,0.024,0.1451,0.0071,0.0501,0.0113,0.0898,0.3372,1.0195,0.0453,0.2971,0.5606,0.9143,2.4998,13.4014,16.0063,19.9248,25.6296,0.0084,0.0361
12.75,0.0532,0.0929,0.1578,0.5299,0.0607,0.686,0.0061,0.0032,0.0385,0.0711,0.0228,0.144,0.1959,0.031,0.0801,0.0279,0.0251,0.0777,0.3306,0.8114,0.9096,1.0872,0.0235,0.1426,0.007,0.0491,0.011,0.088,0.3307,1.0008,0.0444,0.2913,0.5499,0.8976,2.4543,13.1167,15.6665,19.5007,25.0864,0.0082,0.0351
12.83,0.0522,0.0912,0.1547,0.5199,0.0596,0.6727,0.0059,0.0032,0.0377,0.0697,0.0223,0.1413,0.1921,0.0304,0.0786,0.0274,0.0246,0.0763,0.3244,0.7963,0.8926,1.0661,0.0231,0.1401,0.0068,0.0482,0.0108,0.0863,0.3244,0.9826,0.0436,0.2858,0.5395,0.8812,2.41,12.8395,15.3356,19.0877,24.5571,0.008,0.0341
12.92,0.0512,0.0894,0.1517,0.5101,0.0585,0.6597,0.0058,0.0031,0.0369,0.0684,0.0218,0.1388,0.1884,0.0299,0.0772,0.0268,0.0242,0.075,0.3184,0.7815,0.8761,1.0456,0.0226,0.1377,0.0067,0.0472,0.0105,0.0846,0.3183,0.9649,0.0427,0.2803,0.5293,0.8652,2.3668,12.5698,15.0135,18.6853,24.0411,0.0079,0.0332
13,0.0503,0.0877,0.1488,0.5007,0.0574,0.6471,0.0057,0.003,0.0362,0.0671,0.0213,0.1363,0.1848,0.0294,0.0759,0.0263,0.0237,0.0736,0.3126,0.7671,0.8601,1.0257,0.0222,0.1353,0.0066,0.0463,0.0103,0.0829,0.3124,0.9477,0.0419,0.2751,0.5194,0.8497,2.3248,12.3072,14.6999,18.2934,23.5383,0.0077,0.0323
13.08,0.0493,0.0861,0.146,0.4914,0.0564,0.6348,0.0056,0.0029,0.0355,0.0658,0.0208,0.1339,0.1812,0.0288,0.0745,0.0258,0.0233,0.0723,0.3069,0.7531,0.8444,1.0064,0.0218,0.133,0.0064,0.0455,0.01,0.0813,0.3066,0.9309,0.0412,0.2699,0.5098,0.8345,2.2838,12.0516,14.3944,17.9115,23.0481,0.0076,0.0315
13.17,0.0484,0.0845,0.1433,0.4825,0.0553,0.6229,0.0054,0.0029,0.0348,0.0646,0.0204,0.1315,0.1778,0.0283,0.0732,0.0253,0.0228,0.0711,0.3014,0.7395,0.8292,0.9876,0.0214,0.1308,0.0063,0.0446,0.0098,0.0797,0.301,0.9145,0.0404,0.2649,0.5005,0.8197,2.2439,11.8027,14.0969,17.5395,22.5703,0.0074,0.0306
